Es folgen die Ergebnisse:
158058350
1 331 155
1 325 0
1 300 0
1 278 0
1 266 0
1 399 0
1 365 0
1 391 0
1 320 0
1 275 0
1 253 0
1 281 0
1 234 0
1 322 0
1 296 0
1 362 131
1 324 0
1 235 0
1 332 0
1 210 0
1 360 0
1 276 0
2 374 0
2 368 0
2 375 0
2 395 0
2 376 0
2 334 0
2 218 0
2 283 0
2 308 0
2 336 0
2 265 0
2 365 0
2 359 0
2 327 0
2 225 0
2 235 29
2 349 0
2 260 0
2 397 0
2 220 0
2 370 0
2 289 0
2 303 1640
2 223 0
2 214 0
2 231 0
2 302 0
2 252 0
2 263 0
2 230 0
2 311 0
2 346 0
2 335 0
2 245 0
2 258 0
2 247 0
2 236 0
2 350 0
2 209 0
2 281 0
2 219 0
3 307 0
3 226 0
3 384 0
3 377 0
3 308 0
3 214 0
3 360 0
3 392 0
3 248 0
3 230 0
3 243 0
3 291 0
3 213 0
3 264 0
3 257 0
3 258 0
3 241 1513
3 345 0
3 262 0
3 295 0
3 312 0
3 233 0
3 234 0
3 393 0
3 335 0
3 299 0
3 336 0
3 358 0
3 207 0
3 252 0
3 383 0
3 396 0
3 323 0
3 283 0
3 245 0
3 346 0
3 328 0
3 247 0
3 225 0
3 353 0
3 211 0
3 250 0
3 338 0
3 331 0
3 329 0
3 204 0
3 304 0
3 276 0
3 292 0
3 294 0
3 315 0
3 270 0
3 265 0
3 382 0
3 275 0
3 390 0
3 317 0
3 298 0
3 337 0
3 348 0
3 238 0
3 363 0
3 285 0
3 202 0
3 355 0
3 362 0
3 244 0
4 312 0
4 251 0
4 371 0
4 326 0
4 245 0
4 271 0
4 387 0
4 370 0
4 399 0
4 338 0
4 221 0
4 286 0
4 395 0
4 378 0
4 223 0
4 398 0
4 356 0
4 339 0
4 243 0
4 265 0
4 393 0
4 298 0
4 300 0
4 364 0
4 277 0
4 343 0
4 380 0
4 379 0
4 316 0
4 314 92
4 208 0
4 281 0
4 340 0
4 355 0
4 391 0
4 285 0
4 292 0
4 246 0
4 253 0
4 250 0
4 238 0
4 360 0
4 374 0
4 341 0
4 308 0
4 232 0
4 267 0
4 294 0
4 228 0
4 303 0
4 332 0
4 216 0
4 237 103
4 389 0
4 352 0
4 302 0
4 335 0
4 272 0
4 206 0
4 293 0
4 278 0
4 365 0
4 261 0
4 235 0
4 287 0
4 259 0
4 209 0
4 333 0
4 318 0
4 295 0
4 309 0
4 219 0
4 270 0
4 210 0
4 283 0
4 266 0
4 218 0
4 337 0
4 249 0
4 268 0
4 353 0
4 376 0
4 244 0
4 310 0
4 274 0
4 214 0
4 262 0
4 354 0
4 344 0
4 385 0
4 327 0
4 329 0
4 386 0
4 328 0
4 263 0
5 391 0
5 282 0
5 375 0
5 277 0
5 352 0
5 379 0
5 341 920
5 222 0
5 317 0
5 323 0
5 243 0
5 280 0
5 385 0
5 357 0
5 381 0
5 204 0
5 248 0
5 286 0
5 218 0
5 363 0
5 265 0
5 320 0
5 225 0
5 306 0
5 256 0
5 219 367
5 217 0
5 367 0
5 291 0
5 214 0
5 383 0
5 241 0
5 382 0
5 231 0
5 328 0
5 372 0
5 264 0
5 207 0
5 303 0
5 397 0
5 392 0
5 244 0
5 353 0
5 377 0
5 312 0
5 206 0
5 246 0
5 220 0
5 373 0
5 215 0
5 349 0
5 228 0
5 201 0
5 268 0
5 370 0
5 343 0
5 368 0
5 221 0
5 285 0
5 287 0
5 309 0
5 331 0
5 234 0
5 359 0
5 276 0
5 327 0
5 227 0
5 347 0
5 251 0
5 237 0
5 202 0
5 364 0
5 315 0
5 279 0
5 223 0
5 260 0
5 288 0
5 360 0
5 316 0
5 216 0
5 329 0
5 398 0
5 302 0
6 261 0
6 265 0
6 269 0
6 325 0
6 373 0
6 308 0
6 278 0
6 215 0
6 319 0
6 253 0
6 375 0
6 388 0
6 377 0
6 250 0
6 205 0
6 204 0
6 378 0
6 372 0
6 237 0
6 333 0
6 214 0
6 320 0
6 254 0
6 362 0
6 282 0
6 241 0
6 247 0
6 310 0
6 332 497
6 359 0
6 224 0
6 306 0
6 385 0
6 203 0
6 208 0
6 341 0
6 236 0
6 353 0
6 231 0
6 292 0
6 343 0
6 356 0
6 316 0
6 361 0
6 235 0
6 290 0
6 335 0
6 233 0
6 249 0
7 305 0
7 246 0
7 335 0
7 231 0
7 307 0
7 201 0
7 320 0
7 393 24
7 297 0
7 333 0
7 340 0
7 276 0
7 327 0
7 293 0
7 331 125
7 349 0
7 228 0
7 315 0
7 325 0
7 230 0
7 383 0
7 303 0
7 294 0
7 334 0
7 372 0
7 238 0
7 369 0
7 233 0
7 309 0
7 281 0
7 391 0
7 296 0
7 358 0
7 319 0
7 267 0
7 275 0
7 357 0
7 368 0
7 380 0
8 331 0
8 399 0
8 332 0
8 317 0
8 263 0
8 208 0
8 212 0
8 316 0
8 370 0
8 257 0
8 398 0
8 251 0
8 334 0
8 302 0
8 394 0
8 248 0
8 256 0
8 381 0
8 224 0
8 230 0
8 299 0
8 319 0
8 290 0
8 267 0
8 268 0
8 242 0
8 245 0
8 318 0
8 294 0
8 358 0
8 306 0
8 356 0
8 379 0
8 214 0
8 262 660
8 201 0
8 243 0
8 328 0
8 259 0
8 345 0
8 329 0
8 203 0
8 253 0
8 385 0
8 246 0
8 366 0
8 285 0
8 235 0
8 295 0
8 254 0
8 228 0
8 232 0
8 315 0
8 313 0
8 226 0
8 204 0
8 266 0
8 264 0
8 344 0
8 301 0
8 296 0
8 241 0
8 395 0
9 279 696
9 341 0
9 314 0
9 382 0
9 223 0
10 245 0
10 350 0
10 342 0
10 231 0
10 243 0
10 351 0
10 246 0
10 288 0
10 259 0
10 285 0
10 214 0
10 320 463
10 265 0
10 330 0
10 397 0
10 274 0
10 204 0
10 242 0
10 357 0
11 321 0
11 345 0
11 362 0
11 344 0
11 262 0
11 357 0
11 238 0
11 292 0
11 313 0
11 314 0
11 266 0
11 346 0
11 253 0
11 299 0
11 237 0
11 330 0
11 327 0
11 386 0
11 318 0
11 219 0
11 259 0
11 295 0
11 340 0
11 343 0
11 252 0
11 294 0
11 260 0
11 304 0
11 220 0
11 256 0
11 274 0
11 333 0
11 239 0
11 258 0
11 285 0
11 324 0
11 213 0
11 370 0
11 364 0
11 348 0
11 218 0
11 224 0
11 378 0
11 368 0
11 352 0
11 209 0
11 306 0
11 331 0
11 243 0
11 216 0
11 349 0
11 268 0
11 380 0
11 203 0
11 382 0
11 247 0
11 388 0
11 205 0
11 275 0
11 315 0
11 235 0
11 231 0
11 244 0
11 366 0
11 358 0
11 341 0
11 336 0
11 325 252
11 210 0
11 372 0
11 227 259
11 310 0
11 317 0
11 230 0
11 272 0
11 211 0
11 204 0
11 373 0
11 293 0
11 289 0
11 376 0
11 389 0
11 319 0
11 301 0
11 251 0
11 305 0
11 356 0
11 202 0
11 384 0
12 251 0
12 237 0
12 323 0
12 217 0
12 267 0
12 201 0
12 392 0
12 228 0
12 245 0
12 285 0
12 247 0
12 306 0
12 388 0
12 276 0
12 377 0
12 379 0
12 214 0
12 238 0
12 231 0
12 213 0
12 328 0
12 316 0
12 368 0
12 363 0
12 283 0
12 290 0
12 325 0
12 260 0
12 258 0
12 393 0
12 339 0
12 385 0
12 312 0
12 226 0
12 369 0
12 216 0
12 211 0
12 341 0
12 272 0
12 359 0
12 362 0
12 338 0
12 241 0
12 349 0
12 303 0
12 235 0
12 293 0
12 333 0
12 253 699
12 289 0
12 356 0
12 264 0
12 381 0
12 382 0
12 371 0
12 205 0
12 355 0
12 367 0
12 350 0
12 223 0
12 375 0
12 360 0
12 386 0
12 327 0
12 210 0
12 233 0
12 287 0
12 212 0
12 315 0
12 294 0
12 378 0
12 342 0
12 291 0
12 261 0
12 266 0
12 308 0
12 263 0
12 321 0
12 202 0
12 329 0
12 209 39
12 236 0
12 299 0
12 346 0
12 220 0
12 364 0
13 324 0
13 227 0
13 394 0
13 217 0
13 226 0
13 308 0
13 211 382
13 385 0
13 366 0
13 305 0
13 266 0
13 347 1093
13 349 0
13 263 0
13 206 0
13 309 0
13 253 0
13 296 0
13 307 0
13 292 0
13 210 0
13 264 0
13 355 0
13 216 0
13 205 0
13 240 0
13 256 0
13 272 0
13 317 0
13 332 0
13 382 0
13 203 0
13 387 0
13 397 0
13 232 0
13 371 0
13 280 0
14 372 0
14 236 0
14 279 0
14 327 0
14 228 0
14 365 0
14 212 0
14 201 997
14 218 0
15 202 0
15 335 0
15 348 0
15 339 0
15 331 0
15 224 303
15 328 0
15 391 0
15 307 0
15 249 0
15 384 0
15 343 0
16 201 0
16 379 0
16 272 0
16 327 0
16 252 0
16 284 0
16 267 0
16 266 0
16 203 0
16 314 0
16 351 0
16 268 0
16 373 0
16 308 0
16 293 0
16 390 0
16 397 0
16 340 0
16 309 0
16 295 0
16 352 0
16 369 0
16 326 0
16 273 0
16 226 0
16 350 0
16 261 0
16 325 0
16 260 0
16 347 0
16 227 0
16 220 0
16 336 0
16 281 0
16 231 0
16 358 0
16 251 0
16 236 0
16 371 0
16 225 0
16 306 0
16 368 0
16 288 831
16 315 0
16 228 0
16 328 0
16 360 0
16 377 0
16 310 0
16 392 0
16 337 0
16 365 0
16 254 0
16 313 0
16 270 0
16 343 0
16 234 0
16 249 0
16 362 0
16 207 0
16 211 0
16 286 0
17 251 0
17 341 0
17 279 0
17 296 0
17 267 0
17 329 0
17 206 0
17 205 0
17 249 0
17 271 0
17 203 0
17 309 0
17 392 0
17 264 0
17 229 0
17 217 0
17 380 0
17 373 0
17 370 0
17 293 0
17 323 0
17 364 0
17 374 0
17 332 0
17 397 0
17 390 0
17 246 0
17 353 0
17 218 0
17 283 0
17 357 0
17 376 0
17 233 0
17 214 0
17 372 0
17 387 0
17 371 0
17 361 0
17 216 154
17 350 0
17 358 0
17 336 0
17 393 0
17 253 0
17 277 0
17 312 0
17 297 0
18 347 0
18 356 0
18 310 0
18 274 0
18 240 279
18 342 0
18 339 0
18 220 0
18 202 241
18 331 0
18 364 0
18 307 0
18 333 0
18 359 0
18 289 0
18 337 0
18 201 0
18 344 0
18 372 0
18 321 0
18 311 0
18 349 0
18 294 0
18 249 0
18 318 0
18 361 0
18 385 0
18 382 0
18 248 0
18 237 0
18 235 0
18 335 0
18 381 0
18 396 0
18 389 0
18 297 0
18 312 0
18 304 0
18 314 0
18 261 0
18 334 0
18 379 0
18 298 0
18 236 0
18 375 0
18 228 0
18 244 182
18 286 0
18 336 698
18 217 0
18 260 0
18 358 0
18 243 0
18 273 0
18 225 0
18 348 0
18 216 0
18 229 0
18 399 0
18 323 0
18 301 0
18 212 0
18 245 0
18 268 337
18 255 0
19 345 0
19 276 0
19 353 0
19 323 706
19 257 0
19 227 0
19 277 0
19 326 0
19 294 0
19 251 0
19 391 0
19 237 0
19 375 0
19 349 0
19 242 0
19 232 0
19 399 0
19 231 0
19 202 0
19 372 0
19 374 0
19 322 0
19 317 0
19 260 0
19 332 0
19 246 0
19 325 0
19 390 338
19 336 0
19 287 0
19 254 0
19 361 0
19 214 0
19 204 0
19 239 0
19 362 0
19 363 0
20 372 0
20 252 0
20 312 0
20 216 0
20 398 0
20 217 0
20 247 0
20 342 0
20 273 0
20 391 0
20 287 0
20 290 0
20 316 0
20 286 0
20 375 0
20 257 0
20 278 367
20 254 0
20 376 0
20 236 0
20 263 0
20 283 0
20 246 0
20 284 0
20 379 0
20 323 0
20 356 0
20 202 0
21 321 0
21 240 0
21 206 0
21 242 0
21 288 0
21 378 0
21 367 0
21 364 0
21 399 0
21 287 0
21 336 0
21 225 0
21 234 0
21 310 0
21 230 0
21 379 0
21 342 0
21 291 0
21 362 0
21 290 0
21 358 0
21 267 0
21 222 0
21 205 0
21 275 0
21 334 0
21 269 0
21 389 0
21 394 0
21 253 0
21 317 0
21 293 0
21 246 0
21 258 0
21 340 0
21 370 0
21 300 0
21 326 462
21 261 0
21 274 0
21 266 0
21 215 0
21 221 0
21 325 0
21 371 0
21 278 0
21 308 0
21 248 0
21 281 0
21 295 0
21 365 455
21 268 0
21 296 0
21 304 0
21 332 0
21 324 0
21 231 0
21 356 0
21 383 0
21 392 0
21 348 0
21 262 0
21 203 0
21 390 0
21 265 0
21 252 0
21 309 0
21 343 0
21 244 0
21 241 0
21 289 0
21 359 0
21 273 0
21 223 0
21 331 0
21 311 0
21 298 0
21 254 0
21 251 0
21 386 0
21 208 0
21 361 0
21 204 0
21 346 0
21 393 0
21 347 0
21 353 0
21 377 0
21 219 0
21 207 0
21 292 0
21 209 0
21 345 0
21 299 0
21 282 0
21 314 0
21 255 0
22 400 410
22 383 0
22 273 0
22 203 0
22 206 0
23 345 997
23 261 0
23 318 0
23 231 0
23 315 0
23 353 0
23 343 0
23 265 0
23 263 0
23 384 0
23 240 0
23 300 0
23 235 0
23 297 0
23 349 0
23 372 0
23 266 0
23 233 0
23 339 0
23 299 0
23 387 0
23 249 0
23 285 0
23 237 0
23 220 0
23 325 0
23 238 0
23 307 0
23 394 0
23 326 0
23 365 0
23 346 0
23 376 0
23 230 0
23 332 0
23 282 0
23 277 0
23 296 0
23 380 0
23 278 0
23 202 0
24 295 0
24 313 0
24 232 0
24 263 0
24 374 0
24 316 0
24 371 0
24 243 0
24 237 0
24 269 0
24 378 0
24 284 0
24 385 0
24 288 0
24 304 0
24 320 0
24 229 0
24 350 0
24 225 0
24 292 0
24 213 0
24 286 0
24 366 0
24 336 0
24 386 0
24 388 0
24 353 0
24 205 0
24 227 0
24 360 0
24 373 0
24 368 0
24 389 0
24 334 0
24 381 0
24 255 0
24 335 0
24 377 770
24 259 0
24 355 0
24 236 0
24 306 0
24 230 0
24 245 0
24 201 0
24 302 0
24 220 0
24 279 0
24 370 0
24 242 0
24 247 0
24 331 0
24 323 0
24 346 0
24 289 0
24 251 0
25 275 0
25 236 0
25 289 0
25 302 0
25 249 0
25 215 0
25 260 0
25 205 0
25 225 0
25 314 0
25 303 0
25 281 0
25 368 0
25 290 0
25 217 0
25 218 0
25 393 0
25 231 415
25 229 0
25 292 0
25 370 0
25 214 0
25 264 0
25 312 0
25 274 0
25 331 0
25 259 0
25 221 0
25 341 0
25 336 0
25 258 0
25 390 0
25 245 0
25 212 0
25 257 0
25 250 0
25 239 0
26 266 2139
26 394 0
26 289 0
26 359 0
26 396 0
26 214 0
26 377 0
26 385 0
26 335 0
26 362 0
26 380 0
26 293 0
26 242 0
26 283 0
26 331 0
26 257 0
26 244 0
26 345 0
26 211 0
26 238 0
26 329 0
26 379 60
26 367 0
26 364 0
26 308 0
26 227 0
26 328 0
26 392 0
26 309 0
26 300 0
26 263 0
27 248 0
27 278 0
27 376 0
27 334 0
27 392 0
27 354 0
27 244 0
27 348 38
27 385 0
27 289 0
27 323 0
27 216 0
27 337 0
27 339 0
27 266 0
27 347 0
27 311 0
27 362 0
27 256 0
27 268 0
27 231 0
27 286 0
27 388 0
27 232 922
27 228 0
27 208 0
27 270 0
27 204 0
27 377 0
27 218 0
27 258 0
27 274 318
27 233 0
27 261 0
27 368 0
27 284 0
27 375 0
27 313 0
27 356 0
27 210 0
27 277 0
27 306 0
27 340 0
27 223 0
27 321 0
27 293 0
27 230 0
27 338 0
27 243 0
27 309 0
27 310 0
27 312 0
27 320 0
27 397 0
27 329 0
27 384 0
27 357 0
28 289 0
28 286 0
28 352 0
28 308 0
28 377 0
28 258 0
28 356 0
28 232 0
28 394 0
28 233 0
28 320 0
28 208 0
28 369 0
28 280 0
28 279 114
28 237 0
28 229 0
28 347 0
28 205 0
28 217 0
28 327 398
28 291 0
28 300 0
28 288 0
28 296 0
28 307 0
28 363 2
28 362 0
28 336 0
28 357 0
28 276 0
28 321 0
28 215 0
28 246 0
28 399 0
28 295 0
28 274 0
29 339 813
29 241 0
29 268 0
29 301 0
29 365 0
29 352 0
29 256 0
29 311 0
29 332 0
29 347 0
29 325 0
29 278 0
29 279 0
29 319 0
29 320 0
29 257 0
29 262 0
29 276 249
29 281 29
29 380 0
29 371 0
29 250 0
29 350 0
29 217 0
29 208 13
29 213 0
29 333 0
29 360 0
29 259 0
29 361 49
29 294 0
29 378 0
29 396 0
29 238 0
29 321 0
29 374 860
29 330 0
29 271 0
29 221 0
29 205 0
29 282 0
29 328 0
29 265 0
29 236 0
29 244 0
29 305 0
29 393 0
29 348 0
29 324 0
29 366 0
29 307 392
29 277 0
29 267 0
29 228 0
29 331 0
29 329 0
29 222 0
29 284 0
29 218 0
29 300 0
29 235 0
29 264 0
29 229 0
29 201 0
29 288 0
29 233 0
29 258 0
30 365 0
30 219 0
30 232 0
30 335 0
30 307 0
30 261 0
30 298 0
30 299 428
30 386 0
30 230 0
30 392 0
30 253 0
30 308 0
30 356 0
30 292 0
30 323 0
30 220 0
30 247 0
30 239 0
30 344 0
30 274 0
30 399 0
30 289 0
30 326 0
30 269 0
30 355 0
30 212 0
30 339 0
30 351 0
30 266 0
30 218 0
30 286 0
30 309 0
30 290 0
30 254 0
30 214 0
30 304 0
30 259 198
30 333 0
30 334 0
30 394 0
30 255 0
30 379 0
30 369 0
30 270 0
30 227 0
30 203 0
30 205 0
30 284 0
30 361 0
30 320 0
30 260 0
30 381 0
30 389 0
30 276 0
30 204 0
30 318 0
30 241 0
30 393 0
30 354 0
30 300 0
30 215 0
30 347 364
30 301 0
30 357 0
30 210 0
30 283 0
30 264 0
30 336 0
30 310 0
30 329 0
30 287 0
30 233 0
30 330 0
30 328 0
30 248 0
30 321 0
30 207 0
30 235 0
30 263 0
30 370 0
30 338 0
30 222 0
30 216 0
30 311 0
30 368 0
30 358 0
31 267 0
31 371 0
31 206 0
31 273 0
31 320 0
31 227 0
31 308 0
31 287 0
31 312 0
31 263 0
31 239 0
31 399 0
31 350 0
31 272 0
31 332 0
31 326 0
31 304 0
31 331 238
31 283 0
31 387 0
31 389 0
31 256 0
31 365 0
31 368 0
31 307 0
31 381 0
31 209 0
31 393 0
31 285 0
31 269 0
31 298 0
31 356 0
31 394 0
31 253 0
31 361 0
31 275 0
31 223 0
31 340 0
31 229 0
31 317 0
31 296 0
31 323 0
31 300 0
31 226 0
31 271 0
31 292 0
31 344 0
31 295 0
31 280 0
31 278 0
31 386 0
31 310 0
31 306 0
31 251 0
31 255 0
31 252 0
31 354 0
31 288 0
31 212 0
31 372 0
31 204 0
31 301 0
31 277 0
31 201 0
31 349 0
31 379 0
31 215 0
31 322 0
31 334 0
31 388 0
31 376 0
31 390 0
31 383 0
31 355 0
31 268 0
31 337 0
31 391 0
31 346 0
31 232 0
31 351 0
31 398 0
31 375 0
31 214 0
31 397 0
31 359 0
31 246 0
31 216 0
31 324 0
31 367 0
31 265 0
31 254 709
32 282 0
32 341 0
32 333 18
32 290 0
32 236 309
32 281 0
32 257 0
32 242 0
32 387 0
32 390 0
32 205 0
32 225 0
32 315 0
32 382 0
32 245 0
32 274 0
32 230 0
32 325 0
32 299 0
32 293 0
32 234 0
32 398 0
32 231 0
32 336 0
32 261 0
32 314 0
32 203 0
32 267 0
32 384 0
32 221 0
32 372 0
32 270 0
32 394 0
32 254 0
32 264 0
32 227 0
32 241 0
32 327 0
32 317 0
32 212 0
32 353 0
32 206 0
32 211 0
32 339 0
32 292 0
32 201 0
32 388 0
32 250 0
32 289 0
32 374 0
32 296 0
32 395 0
32 219 625
32 354 0
32 246 1
32 306 0
32 303 0
32 396 0
32 356 0
32 346 0
32 240 0
32 351 0
32 307 0
32 345 0
32 263 0
32 379 0
32 280 0
32 287 0
32 352 0
33 304 0
33 297 0
33 212 0
33 306 0
33 340 0
33 268 0
33 397 0
33 348 0
33 333 0
33 324 0
33 202 11
33 272 0
33 385 786
33 357 0
33 303 0
33 277 0
33 204 0
33 245 0
33 364 0
33 267 0
33 309 199
33 383 0
33 250 0
33 365 0
33 301 0
33 296 0
33 241 0
33 285 0
33 371 0
33 338 0
33 295 0
33 345 0
33 381 0
33 358 0
33 246 0
33 235 0
33 248 0
33 208 0
33 282 0
33 257 0
33 276 0
33 214 0
33 302 0
33 336 0
33 354 0
33 279 0
33 325 0
33 308 0
33 312 0
33 310 0
33 349 0
33 226 0
33 351 0
33 247 0
33 321 0
33 260 0
33 238 0
33 380 0
33 366 0
33 352 0
33 356 0
33 283 0
33 229 0
33 286 0
34 391 0
34 378 0
34 289 0
34 390 0
34 321 0
34 247 0
34 259 0
34 277 0
34 267 0
34 217 0
34 281 0
34 334 0
34 353 0
34 258 0
34 232 0
34 332 0
34 369 0
34 239 0
34 301 0
34 220 0
34 339 0
34 279 0
34 269 0
34 273 0
34 385 0
34 236 0
34 272 0
34 381 0
34 284 0
34 361 0
34 318 0
34 320 0
34 276 0
34 251 0
34 298 0
34 351 0
34 290 0
34 309 0
34 254 0
34 241 0
34 370 0
34 365 0
34 329 0
34 225 0
34 223 0
34 360 0
34 262 0
34 300 0
34 371 0
34 237 986
34 286 0
34 363 0
34 358 0
34 265 0
35 306 0
35 335 0
35 253 0
35 234 0
35 250 0
35 242 0
35 210 0
35 341 0
35 360 0
35 215 0
35 270 0
35 249 0
35 297 0
35 325 0
35 267 0
35 224 0
35 257 125
35 365 0
35 300 0
35 393 0
35 263 0
35 338 0
35 280 0
35 311 0
35 282 0
35 268 0
35 343 0
35 361 0
35 291 0
35 385 0
35 284 0
35 356 0
35 221 0
35 322 0
35 378 0
35 318 0
35 222 0
35 238 0
35 363 0
35 350 0
35 209 0
35 340 0
35 279 0
35 392 0
35 265 0
35 294 0
35 332 0
35 245 0
35 246 0
35 337 0
35 313 0
35 369 0
35 368 0
35 207 0
35 344 0
35 346 0
35 358 0
35 283 0
35 271 0
35 310 0
35 345 0
35 366 0
35 324 0
35 339 0
35 211 0
35 214 0
35 266 0
35 286 0
35 301 0
36 310 0
36 387 0
36 282 0
36 342 0
36 287 0
36 286 0
36 234 0
36 225 0
36 322 0
36 228 0
36 251 0
36 205 0
36 202 0
36 216 0
36 396 0
36 388 362
36 209 0
36 319 0
36 274 0
36 244 0
36 378 0
36 210 0
36 364 0
36 375 0
36 391 0
36 354 0
36 397 0
36 256 0
36 254 0
36 377 0
36 263 0
36 233 0
36 231 0
36 337 0
36 270 0
36 394 0
36 381 0
36 235 0
36 345 0
36 272 0
36 223 0
36 366 0
36 281 0
36 249 0
36 359 0
36 344 0
36 365 0
36 325 0
36 203 0
36 303 0
36 279 0
36 289 0
36 227 0
36 317 0
36 306 0
36 250 0
36 267 0
36 259 0
36 320 0
36 246 0
36 224 0
37 365 0
37 368 0
37 370 0
37 251 0
37 226 706
37 320 0
37 230 0
37 234 0
37 308 0
37 257 0
37 285 0
37 239 0
37 399 0
37 386 0
37 286 0
37 252 0
37 269 0
37 351 0
37 223 0
38 378 0
38 318 0
38 219 0
38 357 0
38 311 0
38 351 0
38 284 0
38 373 0
38 265 0
38 344 0
38 212 0
38 374 0
38 250 0
38 310 0
38 305 0
38 234 0
38 376 0
38 372 0
38 237 828
38 202 0
38 393 0
38 289 0
38 282 0
38 296 0
38 294 0
38 347 0
38 293 0
38 314 0
38 244 0
38 385 0
38 271 0
38 369 0
38 208 0
38 262 0
38 279 0
39 347 0
39 225 0
39 325 0
39 292 0
39 349 0
39 275 0
39 223 0
39 256 0
39 273 0
39 236 0
39 345 0
39 335 0
39 210 0
39 326 0
39 285 0
39 257 0
39 274 0
39 216 0
39 293 0
39 378 0
39 343 0
39 248 0
39 260 0
39 272 0
39 253 0
39 388 0
39 369 0
39 308 0
39 392 0
39 303 0
39 389 0
39 240 0
39 372 0
39 323 0
39 330 0
39 382 0
39 238 0
39 363 0
39 315 0
39 221 0
39 237 0
39 364 0
39 241 0
39 358 0
39 290 0
39 280 0
39 214 0
39 313 0
39 296 0
39 368 0
39 211 0
39 287 0
39 267 0
39 283 0
39 291 0
39 384 0
39 327 0
39 215 0
39 233 389
39 332 0
39 213 0
39 362 0
39 234 0
39 319 0
39 231 0
39 353 0
39 348 0
39 350 0
39 355 0
39 294 0
40 318 0
40 297 24
40 261 0
40 287 0
40 328 0
40 374 0
40 397 0
40 362 0
40 224 0
40 259 0
40 278 0
40 311 0
40 306 0
40 264 0
40 210 0
40 256 0
40 316 0
40 275 0
40 294 0
40 339 0
40 221 0
40 211 0
40 249 0
40 322 0
40 296 0
40 233 0
40 277 0
40 365 0
40 393 0
40 234 0
40 347 0
40 244 0
40 338 0
40 375 0
40 235 0
40 206 0
40 263 0
40 376 0
40 380 0
40 305 0
40 382 0
40 390 0
40 270 0
40 253 0
40 227 0
40 216 0
40 352 0
40 272 0
40 241 0
40 379 0
40 385 0
40 281 0
40 274 0
40 323 0
40 212 0
40 321 0
40 324 1386
40 240 0
40 373 0
40 367 0
40 252 0
40 381 0
40 205 0
40 214 0
40 258 0
41 259 0
41 252 0
41 284 0
41 235 0
41 308 0
41 395 0
41 310 0
41 294 0
41 290 0
41 309 0
41 221 0
41 229 0
41 365 0
41 286 0
41 351 0
41 209 0
41 238 0
41 370 0
41 342 0
41 324 0
41 278 0
41 391 0
41 344 1474
41 398 0
42 237 0
42 301 0
42 308 0
42 344 0
42 317 0
42 216 0
42 249 0
42 252 1211
42 342 0
42 336 0
42 293 0
42 315 0
42 247 0
42 248 0
42 323 0
42 358 0
42 310 944
42 383 0
42 262 0
42 331 0
42 240 0
42 261 0
42 269 0
42 286 0
42 338 0
42 302 0
42 214 0
42 372 0
42 280 0
42 350 0
42 348 0
42 351 34
42 345 0
42 324 0
43 238 0
43 213 100
43 227 0
43 374 0
43 372 337
44 309 0
44 299 0
44 339 0
44 371 0
44 336 0
44 230 0
44 280 0
44 229 0
44 201 0
44 247 0
44 202 0
44 362 0
44 356 527
44 237 0
44 294 0
44 212 0
44 376 0
44 255 0
44 341 0
44 264 0
44 381 0
44 301 0
44 209 0
44 319 0
44 365 0
44 268 0
44 353 0
44 373 0
44 262 0
44 235 0
44 350 0
44 271 0
44 207 0
44 399 0
44 281 0
44 224 0
44 295 0
44 395 0
44 386 0
44 240 0
44 368 0
44 260 0
44 219 0
44 218 0
44 334 0
44 282 0
44 340 0
44 226 0
44 261 0
44 372 0
44 367 0
44 302 0
44 287 0
44 329 0
44 242 0
44 333 0
44 315 0
44 380 0
44 265 0
44 308 0
44 374 0
44 205 0
44 291 0
44 355 0
44 217 0
44 369 0
44 317 0
44 263 0
44 293 0
44 331 0
45 395 0
45 304 0
45 312 0
45 276 0
45 389 0
45 216 0
45 263 0
45 203 0
45 390 0
45 311 0
45 366 0
45 350 0
45 345 0
45 351 0
45 211 0
45 352 0
45 317 0
45 261 0
45 282 0
45 306 0
45 397 0
45 234 0
45 237 0
45 342 0
45 278 0
45 275 0
45 328 0
45 370 206
45 209 0
45 377 0
45 250 0
45 358 0
45 384 0
45 371 0
45 285 0
45 293 0
45 286 0
45 226 0
45 372 0
45 331 0
45 369 0
45 399 0
45 309 0
45 218 0
45 201 0
45 323 0
45 253 0
45 257 0
45 254 0
45 300 0
45 324 0
45 333 0
45 255 245
45 241 0
45 368 1195
45 341 0
45 298 0
45 222 0
45 361 0
45 360 0
45 299 0
45 354 0
45 265 0
45 385 0
45 334 0
46 233 0
46 216 0
46 260 0
46 333 0
46 250 194
46 386 0
46 341 0
46 225 0
46 301 0
46 392 0
46 275 0
46 380 0
46 379 1079
46 246 0
46 299 0
46 384 0
46 359 0
46 237 0
46 309 0
46 376 0
46 320 0
46 231 0
46 364 285
46 347 0
46 267 0
46 247 0
46 334 0
46 215 0
46 338 0
46 363 0
46 315 0
46 348 0
46 298 0
46 329 0
46 354 0
46 217 0
46 324 0
46 282 0
46 232 0
46 288 0
46 382 0
46 284 0
46 303 0
46 351 0
46 264 0
46 368 0
46 300 0
47 260 0
47 311 0
47 203 0
47 330 0
47 256 0
47 349 0
47 285 0
47 241 0
47 336 0
47 282 689
47 397 0
47 327 0
47 206 0
47 283 0
47 274 0
47 301 0
47 298 0
47 259 0
47 340 0
47 310 0
47 363 0
47 240 0
47 223 0
47 273 0
47 262 0
47 361 0
47 288 0
47 216 0
48 323 0
48 295 0
48 315 0
48 338 0
48 265 0
48 236 0
48 314 0
48 398 0
48 313 0
48 363 0
48 375 0
48 211 0
48 308 0
48 309 0
48 226 0
48 334 0
48 396 0
48 256 0
48 342 0
48 347 0
48 244 0
48 366 0
48 289 0
48 343 0
48 290 0
48 316 467
48 278 0
48 296 0
48 237 0
48 285 0
48 257 0
48 202 0
48 223 0
48 332 365
48 298 0
48 305 0
48 361 0
48 272 0
48 381 0
48 219 0
48 269 0
48 297 0
48 384 0
48 339 0
48 231 0
48 349 0
48 215 0
48 380 0
48 204 0
48 260 0
48 370 0
48 329 0
49 295 0
49 285 0
49 264 0
49 253 0
49 357 0
49 207 0
49 380 0
49 270 0
49 201 0
49 364 0
49 235 0
49 224 0
49 382 159
49 280 0
49 223 0
49 368 0
49 388 0
49 276 0
49 372 0
49 274 0
49 318 0
49 326 0
49 252 0
49 206 0
49 322 0
49 348 0
49 321 0
49 229 0
49 374 0
49 337 0
49 335 0
49 398 0
49 346 0
49 342 0
49 214 0
49 344 0
49 349 0
49 251 0
49 389 0
49 340 0
49 299 0
49 306 0
49 383 0
49 293 0
49 333 0
49 378 0
49 234 0
49 320 0
49 288 0
49 360 0
49 263 0
49 244 0
49 236 448
50 222 0
50 356 0
50 395 0
50 303 0
50 345 0
50 347 0
50 271 0
50 374 0
50 380 0
50 364 0
50 241 0
50 352 0
50 357 0
50 375 0
50 388 0
50 343 0
50 278 0
50 298 0
50 276 86
50 306 0
50 239 0
50 334 0
50 300 0
50 372 0
50 274 0
50 264 0
50 341 0
50 261 0
50 234 0
50 288 0
50 293 0
50 332 0
50 319 0
50 292 0
50 230 0
50 257 0
50 282 0
50 348 0
50 371 0
50 216 0
50 287 0
50 283 0
50 314 0
50 297 1183
50 202 0
50 308 0
50 367 0
50 252 0
50 387 0
50 378 0
50 266 0
50 291 0
50 242 0
50 243 0
50 289 0
50 368 0
50 209 0
51 222 0
51 321 0
51 262 0
51 289 0
51 369 0
51 212 0
51 261 0
51 205 0
51 209 0
51 393 0
51 303 0
51 263 0
51 267 0
51 246 0
51 237 0
51 379 0
51 234 0
51 265 0
51 399 0
51 398 0
51 208 0
51 373 0
51 311 0
51 378 0
51 255 0
51 312 0
51 269 0
51 376 0
51 391 0
51 238 0
51 235 0
51 204 0
51 266 0
51 357 0
51 275 0
51 225 0
51 381 0
51 385 0
51 335 0
51 315 0
51 223 0
51 324 0
51 342 0
51 231 0
51 215 0
51 210 0
51 339 0
51 216 194
51 354 0
51 268 0
51 297 0
51 368 0
51 218 0
51 343 0
51 390 0
51 346 0
51 314 0
51 280 0
51 300 0
51 366 0
51 239 0
51 363 0
51 389 0
51 253 0
51 396 0
51 349 0
51 330 21
51 323 0
51 228 0
51 382 655
51 258 0
51 318 0
51 285 0
51 351 0
51 387 0
51 240 0
51 260 0
51 397 116
51 250 0
51 264 0
52 226 0
52 357 0
52 352 0
52 295 0
52 332 0
52 391 0
52 253 0
52 256 0
52 318 0
52 311 1199
52 208 0
52 399 0
52 349 0
52 283 0
52 207 0
52 254 0
52 202 0
52 238 0
52 358 0
52 230 0
52 329 0
52 239 0
52 354 0
52 263 0
52 398 0
52 334 0
52 363 0
52 306 0
52 324 0
52 312 0
52 370 0
52 215 0
52 273 0
52 211 0
52 320 0
52 285 0
52 342 0
52 210 0
52 336 0
52 271 0
52 330 0
52 242 0
52 345 0
52 319 0
52 234 0
52 240 0
52 376 0
52 275 0
52 299 0
52 366 0
52 281 0
52 227 0
52 250 0
52 303 0
52 294 0
52 396 0
52 300 0
52 383 0
52 351 0
52 314 0
52 203 0
52 221 0
52 255 0
52 209 0
52 244 0
52 356 0
52 248 0
52 293 0
52 298 0
52 389 0
52 262 0
52 265 0
52 315 0
52 246 0
52 393 0
52 360 0
52 355 0
52 272 0
52 247 0
52 379 0
52 327 0
52 378 0
52 297 0
52 307 0
52 232 0
52 291 0
52 290 0
52 353 0
52 310 0
52 282 0
52 333 0
52 372 0
52 387 0
52 288 0
52 381 0
53 384 1260
53 269 819
53 257 0
53 308 0
53 215 0
53 303 0
53 381 0
53 245 229
53 315 2
53 330 0
53 280 0
53 346 0
53 274 0
53 313 0
53 319 0
53 216 0
53 293 0
53 288 0
54 365 0
54 400 691
54 323 0
54 337 0
54 247 0
54 390 0
54 230 0
54 321 0
54 371 0
54 396 0
54 305 0
54 290 0
54 395 0
54 224 0
54 344 0
54 386 0
54 234 1445
54 210 0
54 259 0
54 275 0
54 301 0
54 359 0
54 228 0
54 293 0
54 238 0
54 360 0
54 264 0
54 295 0
54 208 0
54 246 0
54 346 0
54 383 0
54 289 0
54 250 0
54 315 0
54 356 0
54 347 0
54 366 0
54 261 0
54 216 0
54 311 0
54 308 0
54 324 0
54 322 0
54 391 0
54 370 0
54 262 0
54 249 0
54 233 0
54 254 0
54 237 0
54 372 0
54 319 0
54 342 0
54 281 0
54 345 0
54 309 0
54 333 0
54 335 0
54 392 0
54 381 0
55 278 0
55 396 0
55 359 0
55 321 0
55 395 0
55 299 0
55 287 0
55 282 0
55 223 0
55 217 0
55 313 0
55 220 0
55 262 0
55 202 0
55 355 0
55 341 0
55 379 0
55 397 0
55 344 0
55 250 0
55 376 0
55 297 0
55 309 0
55 293 0
55 264 0
55 343 0
55 335 0
55 209 0
55 281 0
55 322 0
55 329 0
55 387 0
55 221 0
55 332 29
55 320 0
55 206 0
55 364 0
55 229 0
55 382 0
55 270 0
55 235 0
55 347 0
55 252 0
55 301 0
55 238 0
55 363 0
55 277 0
55 319 0
55 384 0
55 224 0
55 306 0
55 367 0
55 203 0
55 325 0
55 307 0
55 371 0
55 314 0
55 208 0
55 251 823
55 386 0
55 369 0
55 294 0
55 323 0
55 286 0
55 373 0
55 260 0
55 254 0
55 239 0
55 230 0
55 338 0
55 232 0
55 228 0
55 279 0
55 317 0
56 297 301
56 293 0
56 370 0
56 392 0
56 234 0
56 316 0
56 390 0
56 298 0
56 348 0
56 217 0
57 377 0
57 211 0
57 382 0
57 282 0
57 232 0
57 385 0
57 332 0
57 214 0
57 286 0
57 285 0
57 359 0
57 209 0
57 217 0
57 262 0
57 206 0
57 369 0
57 266 0
57 230 0
57 225 0
57 236 0
57 272 0
57 362 0
57 242 0
57 393 0
57 374 0
57 335 0
57 312 0
57 395 0
57 330 0
57 378 0
57 308 0
57 345 0
57 363 0
57 351 0
57 323 0
57 371 0
57 342 0
57 256 0
57 380 0
57 344 0
57 246 0
57 201 99
57 357 0
57 318 0
57 292 0
57 304 0
57 283 0
57 391 0
57 213 0
57 311 0
57 347 0
57 267 0
57 223 0
57 239 0
57 237 0
57 341 0
57 226 0
57 233 608
57 229 0
57 212 0
57 328 0
57 361 0
57 280 0
58 294 0
58 338 0
58 246 0
58 377 0
58 385 0
58 383 0
58 379 0
58 223 0
58 292 0
58 249 0
58 335 0
58 355 0
58 314 0
58 222 0
58 260 0
58 254 0
58 271 0
58 349 0
58 268 0
58 363 0
58 388 0
58 394 0
58 336 0
58 242 0
58 350 0
58 352 0
58 364 0
58 280 0
58 205 0
58 281 0
58 285 0
58 358 0
58 232 0
58 225 0
58 274 0
58 365 0
58 326 0
58 345 0
58 267 0
58 206 0
58 290 0
58 210 0
58 305 807
58 287 0
58 226 0
58 373 0
58 348 0
58 230 0
58 382 0
58 387 0
58 376 0
58 288 0
58 395 0
58 308 0
59 334 0
59 251 0
59 225 0
59 357 0
59 240 0
59 395 0
59 289 0
59 211 0
59 396 0
59 290 0
59 373 0
59 393 0
59 366 0
59 336 0
59 267 0
59 235 0
59 205 0
59 287 0
59 304 0
59 308 0
59 329 0
59 301 0
59 239 0
59 323 0
59 343 0
59 236 0
59 312 0
59 337 0
59 360 0
59 286 1242
59 209 0
59 259 0
59 354 0
59 273 0
59 379 0
59 385 0
59 342 0
59 237 0
59 291 0
59 368 0
59 382 0
59 325 0
59 389 0
59 306 0
59 381 0
59 254 0
59 353 0
59 255 0
59 245 0
59 232 0
59 268 0
59 241 0
59 317 0
59 341 0
60 270 0
60 224 0
60 385 0
60 327 0
60 307 229
60 201 0
60 302 0
60 239 53
60 299 0
60 221 0
60 323 0
60 303 0
60 255 0
60 265 444
60 210 0
60 271 0
60 378 0
60 340 595
61 385 0
61 355 0
61 223 0
61 320 1045
61 218 0
61 205 0
61 238 0
61 269 0
61 318 0
61 261 0
61 321 0
61 354 0
61 235 0
61 264 180
61 230 0
61 203 0
62 320 0
62 282 0
62 213 0
62 317 0
62 388 0
62 342 0
62 323 0
62 301 0
62 250 0
62 216 0
62 221 0
62 281 0
62 261 0
62 396 0
62 231 94
62 375 0
62 239 0
62 254 0
62 223 0
62 316 0
62 205 0
62 395 0
62 393 0
62 312 0
62 212 0
62 222 0
62 340 0
62 280 0
62 243 0
62 372 0
62 344 0
62 382 0
62 345 0
62 204 0
62 336 0
62 240 0
62 255 0
62 321 0
62 218 0
62 308 0
62 377 0
62 335 0
62 263 0
62 203 0
62 386 0
62 270 0
62 355 0
62 219 0
62 309 0
62 284 0
62 274 0
62 314 0
62 296 0
63 395 30
63 292 0
63 342 0
63 298 0
63 324 0
63 383 0
63 271 0
63 363 0
63 270 0
63 302 0
63 311 0
63 231 0
63 350 0
63 345 0
63 261 0
63 210 0
63 300 0
63 201 0
63 236 0
63 386 0
63 220 0
63 227 0
63 249 0
63 291 0
63 351 0
63 278 0
63 316 0
63 331 0
63 263 0
63 267 0
63 239 0
63 262 0
63 364 0
63 313 0
63 281 0
63 253 0
63 289 0
63 315 0
63 336 0
63 327 0
63 214 0
63 339 0
63 354 0
63 229 0
63 269 0
63 256 0
63 221 0
63 247 0
63 246 0
63 264 0
63 392 0
63 254 0
63 326 0
63 373 0
63 257 0
63 242 0
63 218 959
63 265 0
63 306 0
63 304 0
63 368 0
63 398 0
63 333 0
63 307 0
63 235 0
63 248 0
63 207 0
63 387 0
63 237 0
63 245 0
63 215 0
63 258 0
63 204 0
63 394 0
63 206 0
63 348 0
63 385 0
63 268 0
63 334 0
63 310 0
63 378 0
63 228 0
63 322 0
63 205 0
63 353 0
63 380 0
63 397 0
63 332 0
63 399 0
63 259 0
63 240 0
63 223 0
63 321 0
64 301 0
64 288 0
64 272 0
64 381 0
64 374 0
64 208 0
64 376 0
64 245 0
64 323 0
64 252 0
64 242 0
64 353 0
64 294 0
64 205 0
64 204 0
64 230 0
64 206 0
64 291 38
64 391 0
64 370 0
64 356 0
64 255 0
64 363 0
64 261 0
64 318 0
64 327 0
64 237 0
64 298 703
64 284 0
64 343 0
64 271 0
64 378 0
64 219 0
64 383 0
64 311 0
64 314 0
64 320 0
64 221 0
64 347 0
64 355 0
64 367 0
64 328 0
64 210 0
64 265 0
64 273 0
64 359 0
64 239 0
64 309 0
64 392 0
64 338 0
64 203 0
64 222 0
64 315 0
64 213 0
64 351 0
64 380 0
64 396 0
64 202 0
64 340 0
64 337 0
64 247 0
64 342 0
65 219 0
65 298 0
65 261 0
65 375 180
65 280 0
65 357 0
65 290 0
65 359 0
65 310 0
65 307 0
65 226 0
65 334 0
65 237 0
65 272 0
65 215 0
65 343 0
65 243 0
65 236 0
65 326 0
65 210 0
65 350 0
65 385 0
65 207 0
65 282 0
65 346 0
65 389 0
65 201 0
65 373 0
65 271 0
65 248 0
65 239 0
65 374 0
65 279 0
65 203 0
65 228 0
65 360 0
65 277 0
65 206 625
66 265 115
66 288 0
66 391 0
66 287 0
66 310 0
66 347 0
66 255 0
66 341 0
66 258 0
66 342 0
66 399 0
66 277 100
66 354 21
66 239 0
66 269 0
66 360 0
66 245 0
66 331 0
66 246 0
66 285 0
66 215 0
66 332 0
66 312 0
66 368 0
66 214 0
66 216 0
66 305 0
66 315 0
66 296 0
66 351 0
66 340 0
66 370 0
66 366 0
66 259 0
66 281 0
66 220 0
66 297 0
66 358 0
66 302 0
66 369 0
66 333 0
66 324 0
66 221 0
66 204 0
66 378 0
66 256 0
66 376 0
66 210 0
66 311 0
66 235 0
66 355 0
66 254 0
66 385 0
66 317 0
66 274 0
66 389 0
66 394 0
67 253 0
67 288 0
67 204 0
67 206 0
67 393 0
67 318 0
67 364 0
67 247 0
67 219 0
67 356 0
67 341 0
67 321 0
67 214 0
67 225 194
67 282 0
67 339 0
67 317 306
67 314 0
67 251 0
67 319 0
67 245 0
67 290 0
67 354 0
67 263 0
67 208 0
67 368 0
67 333 0
67 261 0
67 371 0
67 221 0
67 218 0
67 331 450
67 267 0
68 211 0
68 237 0
68 306 0
68 328 0
68 398 0
68 256 0
68 227 0
68 334 0
68 293 0
68 388 0
68 224 0
68 316 0
68 230 0
68 212 0
68 255 0
68 310 0
68 247 0
68 297 0
68 272 0
68 202 0
68 321 0
68 288 0
68 347 0
68 364 0
68 215 0
68 365 0
68 358 0
68 284 0
68 382 0
68 244 0
68 240 0
68 302 0
68 278 0
68 279 0
68 367 0
68 219 0
68 222 0
68 342 0
68 307 0
68 285 0
68 254 0
68 368 0
68 270 0
68 205 0
68 225 0
68 377 0
68 333 0
68 228 0
68 349 0
68 234 0
68 346 0
68 323 0
68 350 0
68 386 0
68 271 0
68 359 0
68 390 0
68 317 0
68 221 0
68 295 0
68 360 0
68 341 0
68 246 0
68 217 0
68 257 0
68 218 10
68 370 0
68 381 0
68 355 602
68 354 0
68 262 0
68 294 0
69 345 0
69 248 0
69 290 0
69 286 0
69 211 0
69 399 0
69 279 0
69 260 0
69 228 0
69 347 0
69 356 0
69 292 0
69 385 0
69 358 0
69 323 0
69 391 0
69 264 0
69 252 0
69 282 0
69 255 0
69 361 0
69 243 0
69 270 0
69 266 0
69 311 0
69 313 0
69 221 0
69 209 0
69 288 0
69 263 0
69 261 0
69 371 0
69 215 0
69 303 0
69 229 0
69 326 0
69 341 0
69 289 0
69 377 0
69 363 0
69 259 450
69 357 0
69 273 0
69 388 0
69 301 0
69 239 0
69 378 0
69 392 0
69 338 0
69 269 0
69 362 0
69 376 0
69 297 0
69 302 0
69 293 0
69 202 0
69 244 0
69 237 0
69 312 0
69 207 0
69 238 0
69 275 0
69 230 0
69 373 0
69 394 0
69 276 0
69 271 0
69 381 0
69 334 0
69 374 0
69 327 0
69 210 0
69 332 0
69 370 0
69 310 0
70 383 0
70 336 0
70 339 0
70 223 0
70 309 0
70 245 0
70 380 0
70 350 0
70 241 0
70 381 0
70 277 0
70 325 0
70 330 0
70 316 0
70 327 0
70 229 0
70 319 0
70 253 0
70 295 0
70 242 0
70 208 0
70 379 0
70 220 0
70 261 0
70 207 0
70 338 0
70 276 0
70 216 0
70 250 0
70 312 0
70 387 0
70 210 0
70 289 0
70 249 0
70 275 0
70 304 0
70 389 0
70 321 0
70 324 0
70 246 0
70 355 0
70 226 0
70 340 0
70 313 0
70 268 0
70 285 0
70 225 0
70 259 0
70 230 0
70 284 0
70 335 0
70 267 0
70 214 0
70 388 0
70 222 0
70 251 100
70 294 0
70 303 0
70 364 0
70 287 0
70 367 0
70 233 0
70 329 0
70 219 0
70 391 0
70 283 0
70 365 0
70 399 0
70 302 0
70 306 0
70 359 0
70 252 0
70 255 0
70 353 0
70 341 0
70 257 0
70 333 0
70 354 0
70 221 0
70 394 0
70 262 0
70 211 0
70 301 0
70 305 0
70 288 0
70 278 0
70 345 0
70 212 0
70 296 0
70 326 0
70 361 0
70 206 0
71 376 616
71 227 0
71 297 0
71 277 0
71 307 0
71 360 0
71 323 119
71 272 0
71 257 0
71 358 0
71 301 0
71 325 0
71 368 0
71 393 0
71 279 0
71 238 0
71 324 0
71 304 0
71 375 0
71 302 0
72 391 0
72 204 0
72 340 0
72 261 0
72 302 0
72 359 0
72 237 0
72 278 0
72 360 0
72 355 0
72 318 0
72 346 0
72 258 0
72 301 0
72 366 0
72 288 0
72 374 0
72 295 0
72 222 0
72 337 0
72 379 0
72 310 0
72 375 0
72 321 0
72 213 0
72 210 0
72 382 0
72 323 0
72 356 0
72 205 0
72 348 0
72 238 0
72 381 0
72 352 0
72 254 575
72 259 0
72 250 0
72 281 0
72 244 0
72 232 0
73 397 0
73 390 0
73 266 0
73 201 0
73 389 0
73 322 0
73 388 0
73 293 0
73 304 0
73 219 0
73 331 0
73 315 0
73 215 0
73 307 0
73 276 0
73 323 0
73 337 0
73 382 0
73 268 0
73 255 0
73 375 0
73 384 0
73 336 0
73 278 0
73 210 0
73 273 0
73 361 0
73 221 0
73 339 0
73 240 0
73 318 0
73 313 0
73 305 0
73 275 0
73 265 0
73 357 0
73 333 0
73 372 0
73 292 0
73 298 0
73 252 0
73 227 0
73 264 0
73 283 0
73 287 0
73 248 0
73 207 0
73 245 0
73 204 0
73 246 0
73 387 0
73 303 0
73 317 0
73 214 0
73 308 0
73 347 0
73 328 0
73 277 0
73 306 0
73 294 0
73 350 0
73 267 0
73 321 0
73 364 0
73 359 0
73 286 0
73 380 1113
73 237 0
73 212 0
73 299 0
73 395 0
73 242 0
73 249 0
73 284 0
73 297 0
73 203 0
73 235 0
73 340 0
73 258 0
73 280 0
73 365 0
73 302 0
73 310 0
73 281 0
74 214 0
74 240 0
74 228 0
74 318 0
74 311 0
74 382 0
74 242 0
74 287 0
74 267 0
74 246 0
74 276 0
74 314 0
74 350 161
74 352 0
74 284 599
74 397 0
74 282 0
74 222 0
74 372 0
74 230 0
74 304 0
74 327 0
74 395 0
74 329 0
74 363 0
74 234 0
74 386 0
74 312 0
74 390 0
74 396 0
74 343 0
74 332 0
74 316 0
74 354 0
74 260 0
74 297 0
74 212 0
74 295 0
74 217 0
75 248 0
75 331 0
75 242 0
75 379 0
75 287 0
75 274 0
75 203 0
75 344 0
75 342 0
75 215 0
75 386 0
75 301 0
75 245 0
75 207 0
75 387 0
75 300 0
75 366 0
75 285 0
75 265 0
75 257 0
75 240 0
75 254 0
75 267 0
75 340 1156
75 375 0
75 264 0
75 222 0
75 211 0
75 348 0
75 282 0
75 322 0
75 292 0
75 270 0
75 234 0
75 321 0
75 320 0
75 373 0
75 259 0
75 347 0
75 262 0
75 228 0
75 308 0
75 276 0
75 399 0
75 299 0
75 217 0
75 374 0
75 353 0
75 223 0
75 252 0
75 231 0
75 369 0
75 376 0
75 388 0
75 335 0
75 371 0
75 212 0
75 296 0
75 280 0
75 279 0
75 314 0
75 394 0
75 291 0
75 263 0
75 390 0
75 334 0
75 318 0
75 345 0
75 293 0
75 330 0
75 393 0
75 382 0
75 327 0
75 355 0
75 328 0
75 233 0
75 249 0
75 220 0
75 214 0
75 315 0
75 258 0
75 346 0
75 229 0
75 271 0
75 326 0
75 362 0
76 272 0
76 305 0
76 298 0
76 251 0
76 393 0
76 248 0
76 346 0
76 397 382
76 329 49
76 215 0
76 230 0
76 350 0
76 312 0
76 229 0
76 339 0
76 374 0
76 399 0
76 217 0
76 226 0
76 328 0
76 335 0
76 207 0
76 347 0
76 395 0
76 277 0
76 209 0
76 327 0
76 383 0
76 292 0
76 392 0
76 331 0
76 375 0
76 211 0
76 214 0
76 295 0
76 269 0
76 256 0
76 337 761
76 210 0
76 351 0
76 396 0
76 314 0
77 245 0
77 310 0
77 269 0
77 229 78
77 349 0
77 295 0
77 394 0
77 359 0
77 362 0
77 366 0
77 207 470
77 253 0
77 311 0
77 278 0
77 264 0
77 277 0
77 334 0
77 385 0
77 332 0
77 361 0
77 336 0
77 354 0
77 357 0
77 337 0
77 226 0
77 391 0
77 234 0
77 333 0
77 239 0
77 350 0
77 243 0
77 371 0
77 276 0
77 291 0
77 205 78
77 323 0
77 220 0
77 297 0
77 203 0
77 258 0
77 330 0
77 273 0
77 250 0
77 212 0
77 244 0
77 254 0
77 259 0
78 314 0
78 396 0
78 271 0
78 296 0
78 355 0
78 345 0
78 267 0
78 282 0
78 262 0
78 363 0
78 242 0
78 292 0
78 283 0
78 329 0
78 241 0
78 336 0
78 255 0
78 210 0
78 234 0
78 320 0
78 295 0
78 240 0
78 294 0
78 388 0
78 371 0
78 306 0
78 264 0
78 233 0
78 368 0
78 373 0
78 361 0
78 286 0
78 274 0
78 353 0
78 398 0
78 391 0
78 372 0
78 298 0
78 317 0
78 380 0
78 352 0
78 297 0
78 334 0
78 315 0
78 254 0
78 248 0
78 341 0
78 323 0
78 327 0
78 387 0
78 205 0
78 278 0
78 399 0
78 204 0
78 219 0
78 344 0
78 332 0
78 333 0
78 312 0
78 280 0
78 250 0
78 326 0
78 259 89
78 343 0
78 272 0
79 344 0
79 362 0
79 392 0
79 255 0
79 337 0
79 231 0
79 287 0
79 318 0
79 397 0
79 317 0
79 388 0
79 311 0
79 326 0
79 292 0
79 290 0
79 335 0
79 321 0
79 325 0
79 386 0
79 289 0
79 339 0
79 315 0
79 282 0
79 206 231
79 383 0
79 395 0
79 258 0
79 360 0
79 333 0
79 302 0
79 376 0
79 223 0
79 363 0
79 267 0
79 367 0
79 373 0
79 348 0
79 270 0
79 338 0
79 260 0
79 225 0
79 369 0
79 252 0
79 365 0
79 236 0
79 331 0
79 296 0
79 293 0
79 358 0
79 261 0
79 308 0
79 350 0
79 228 0
79 399 0
79 368 0
79 265 0
79 291 0
79 382 0
79 384 0
79 211 0
79 280 0
79 285 0
79 375 0
79 332 0
79 246 0
79 303 708
79 248 0
79 205 0
79 343 0
79 301 0
79 351 0
79 216 0
79 288 0
79 209 0
79 272 0
79 268 0
79 347 0
79 222 0
79 254 0
79 238 0
79 320 0
79 204 0
79 259 0
79 366 0
79 322 0
79 249 0
79 214 0
79 226 0
80 207 0
80 257 0
80 309 0
80 301 657
80 392 485
81 258 0
81 230 0
81 341 0
81 301 0
81 333 0
81 276 0
81 273 0
81 386 0
81 270 0
81 326 0
81 319 0
81 284 0
81 227 0
81 245 0
81 327 0
81 359 0
81 262 0
81 336 0
81 318 0
81 307 0
81 320 0
81 323 0
81 287 0
81 316 0
81 314 0
81 348 0
81 354 0
81 347 0
81 300 0
81 346 0
81 310 0
81 355 0
81 290 1262
81 390 0
81 297 0
81 306 0
81 329 0
81 233 0
81 236 0
81 206 0
81 399 0
81 256 0
81 288 0
81 215 0
81 367 0
81 391 0
81 315 0
81 286 0
81 356 174
81 217 0
81 362 0
81 221 0
81 340 0
81 213 0
81 389 0
81 385 0
81 397 0
81 322 0
81 350 0
81 265 0
81 267 0
81 246 0
81 312 0
81 342 0
81 305 0
81 376 0
81 313 0
82 268 0
82 398 0
82 239 0
82 317 0
82 243 0
82 274 728
82 261 0
82 334 0
82 307 0
82 266 0
82 238 0
82 394 0
82 326 0
82 265 0
82 369 0
82 272 0
82 279 0
82 321 0
82 365 0
82 341 0
82 224 0
82 362 0
82 284 0
82 247 0
82 267 0
82 329 0
83 241 0
83 347 0
83 251 0
83 294 0
83 359 0
83 381 0
83 270 0
83 328 0
83 231 0
83 235 0
83 212 0
83 218 0
83 396 0
83 307 0
83 261 0
83 222 0
83 372 0
83 227 0
83 367 0
83 320 0
83 205 0
83 327 0
83 390 0
83 258 0
83 272 0
83 355 0
83 378 0
83 288 0
83 238 0
83 281 0
83 229 0
83 304 0
83 201 0
83 370 0
83 343 0
83 224 0
83 223 0
83 383 0
83 287 0
83 321 0
83 202 0
83 259 0
83 385 0
83 295 0
83 309 0
83 377 0
83 340 0
83 350 1735
83 361 0
83 392 0
83 221 0
84 253 0
84 310 823
84 378 0
84 371 347
84 209 0
84 252 0
84 216 0
84 287 378
84 354 0
84 268 41
84 225 0
84 322 0
84 330 0
84 218 0
84 224 0
84 220 3
84 236 0
84 321 0
84 360 0
84 381 0
84 296 0
85 288 0
85 290 0
85 207 0
85 391 0
85 292 0
85 350 0
85 329 0
85 398 0
85 242 0
85 397 0
85 384 0
85 278 0
85 297 0
85 259 0
85 372 0
85 228 0
85 254 0
85 204 0
85 317 0
85 331 0
85 321 0
85 394 0
85 325 0
85 257 0
85 269 0
85 216 0
85 371 0
85 303 579
85 206 0
85 327 0
85 205 0
85 389 0
85 273 0
85 208 0
85 382 0
85 283 0
85 219 0
85 210 0
85 383 0
85 224 0
85 355 0
85 298 0
85 300 732
85 353 0
85 231 0
85 260 0
85 237 0
85 341 0
85 314 0
85 357 0
85 386 0
85 286 0
85 334 0
85 213 0
85 387 0
85 322 0
85 256 0
85 390 0
85 222 0
85 289 0
85 220 0
85 264 140
85 349 0
85 324 0
85 203 0
85 250 0
85 236 0
85 362 0
85 211 0
85 385 0
85 309 0
85 302 0
85 271 0
85 227 0
85 307 0
85 370 0
85 333 0
85 359 0
85 305 0
85 272 0
85 295 0
85 225 0
85 248 0
85 336 0
85 381 0
85 235 0
85 396 0
85 352 0
86 287 0
86 321 0
86 386 0
86 305 0
86 274 0
86 216 342
86 347 0
86 303 0
86 365 0
86 246 0
86 326 0
86 328 0
86 279 0
86 236 0
86 213 0
86 299 0
86 263 0
86 283 0
86 366 0
86 334 0
86 377 170
86 240 0
86 228 0
86 264 0
86 253 0
86 336 0
86 379 0
86 286 0
86 338 0
86 322 0
86 376 0
86 330 0
86 319 0
86 234 0
87 338 0
87 214 0
87 274 0
87 358 0
87 230 0
87 346 0
87 286 0
87 260 0
87 396 0
87 341 0
87 296 0
87 249 0
87 301 0
87 250 0
87 365 0
87 287 0
87 360 0
87 202 0
87 359 0
87 232 0
87 344 0
87 263 0
87 306 0
87 239 0
87 381 0
87 272 0
87 314 0
87 280 0
87 399 0
87 278 0
87 304 0
87 229 0
87 391 0
87 253 0
87 335 0
87 212 0
87 305 0
87 356 0
87 225 0
87 297 0
87 303 0
87 366 0
87 384 0
87 302 0
87 236 0
87 271 0
87 216 191
87 394 0
87 352 0
87 350 0
87 264 0
87 334 0
87 374 0
87 284 0
87 364 0
88 369 0
88 319 0
88 338 0
88 363 0
88 342 0
88 383 0
88 278 0
88 362 0
88 281 0
88 391 0
88 203 0
88 222 0
88 320 0
88 216 0
88 221 0
88 318 0
88 373 0
88 316 0
88 349 0
88 219 0
88 265 0
88 355 0
88 247 0
88 277 0
88 228 0
88 255 0
88 262 0
88 274 37
88 394 0
88 351 0
88 314 0
88 381 0
88 235 0
88 284 0
88 241 0
88 377 0
88 353 0
88 392 0
88 334 0
88 305 0
88 251 0
88 298 0
88 336 0
88 388 0
88 376 0
88 382 0
88 317 0
88 271 0
88 386 0
88 268 0
88 344 0
88 280 0
88 340 0
88 341 0
88 296 0
88 372 0
88 205 0
88 339 0
88 208 0
88 359 0
88 354 0
88 201 0
88 210 0
88 304 0
88 311 0
88 225 0
88 232 0
88 390 0
88 361 0
88 249 0
88 332 0
88 299 0
88 207 0
88 300 0
88 358 0
88 343 0
88 223 0
88 291 0
88 333 0
88 218 0
88 384 0
88 360 0
88 283 0
88 237 0
88 387 0
88 356 0
88 227 0
88 238 0
88 269 0
88 261 0
88 245 0
88 337 0
88 348 0
88 224 0
89 398 0
89 311 0
89 344 0
89 352 0
89 321 0
89 341 0
89 280 462
89 326 0
89 359 40
89 296 0
89 279 0
89 307 0
89 224 0
89 221 0
89 206 0
89 284 0
89 227 0
89 387 0
89 347 0
89 339 0
89 354 0
89 397 0
89 290 0
89 304 0
89 269 0
89 319 522
89 215 832
90 253 0
90 282 0
90 370 0
90 225 0
90 234 0
90 336 0
90 303 0
90 285 0
90 311 0
90 374 0
90 281 0
90 248 45
90 391 0
90 260 1321
90 291 0
90 290 0
90 238 0
90 224 0
90 209 0
90 223 0
90 251 0
90 384 0
90 379 0
90 390 0
90 358 0
90 244 0
90 330 0
90 395 0
90 222 0
90 266 0
91 267 0
91 227 0
91 333 0
91 241 0
91 396 0
91 360 0
91 204 0
91 225 0
91 256 0
91 310 0
91 312 0
91 317 0
91 345 0
91 283 0
91 338 0
91 206 0
91 326 0
91 378 0
91 233 0
91 311 0
91 395 0
91 350 0
91 347 537
91 234 0
91 276 0
91 251 0
91 340 0
91 361 0
91 278 0
91 226 0
91 304 0
91 303 0
91 339 0
91 297 0
91 228 0
91 394 119
91 265 0
91 349 0
91 389 0
91 331 0
91 391 0
91 374 0
91 266 0
92 337 0
92 291 0
92 290 0
92 305 0
92 392 0
92 254 0
92 282 0
92 273 0
92 232 0
92 275 0
92 238 694
92 326 0
92 318 0
92 204 0
92 300 0
93 266 0
93 252 0
93 267 0
93 280 0
93 214 0
93 272 0
93 296 0
93 371 0
93 284 0
93 365 0
93 327 0
93 350 0
93 245 0
93 257 0
93 391 0
93 370 0
93 279 0
93 295 0
93 260 0
93 250 0
93 325 0
93 287 0
93 259 0
93 379 0
93 361 0
93 367 0
93 249 0
93 241 0
93 254 0
93 359 0
93 329 0
93 369 0
93 224 0
93 281 0
93 362 0
93 352 0
93 354 0
93 212 0
93 377 0
93 363 0
93 355 0
93 208 0
93 244 0
93 205 0
93 218 0
93 317 0
93 318 0
93 216 0
93 357 0
93 328 0
93 383 0
93 268 0
93 335 0
93 292 0
93 300 0
93 398 0
93 330 0
93 343 0
93 320 0
93 211 493
93 283 0
93 309 0
93 314 0
93 334 0
93 263 0
93 278 0
93 234 0
93 308 0
93 322 0
93 298 0
93 242 0
93 310 0
93 382 0
93 232 0
93 380 0
93 387 0
93 226 0
93 258 0
93 353 0
93 204 0
93 395 0
93 275 0
93 341 0
93 333 0
93 399 0
93 213 0
93 240 0
93 210 0
93 262 0
93 316 0
93 297 0
93 286 0
94 312 0
94 250 0
94 325 0
94 226 0
94 395 0
94 255 1813
94 306 0
94 359 0
94 263 0
94 261 0
94 361 0
94 360 0
94 273 0
94 381 0
94 302 0
94 372 0
94 354 0
94 243 0
94 292 0
94 217 0
94 267 0
94 211 0
94 251 357
94 277 0
94 332 0
94 340 0
94 291 0
94 235 0
94 333 0
94 264 0
94 365 0
94 305 194
94 271 0
94 328 0
95 335 0
95 232 0
95 250 0
95 354 0
95 211 0
95 321 0
95 328 0
95 301 0
95 330 0
95 353 0
95 331 0
95 237 0
95 267 0
95 221 0
95 358 0
95 390 0
95 244 0
95 336 0
95 253 0
95 308 0
95 282 0
95 265 0
95 292 0
95 396 0
95 398 0
95 230 0
95 254 0
95 392 0
95 274 467
95 377 0
95 206 0
95 249 0
95 379 0
95 212 0
95 294 0
95 278 0
95 375 0
95 273 0
95 234 0
95 252 0
95 367 0
95 332 0
95 342 0
95 223 0
95 324 0
95 287 0
95 388 0
95 231 0
95 399 0
95 355 0
95 314 0
95 247 0
95 241 0
95 338 0
95 277 0
95 373 0
95 283 0
95 299 0
95 256 0
95 387 0
95 229 0
95 371 0
95 263 0
95 209 0
95 259 0
95 380 0
95 280 0
95 215 0
95 326 0
95 296 0
95 327 0
95 319 0
95 360 0
95 385 0
95 284 0
95 323 0
95 348 0
95 288 0
95 218 0
95 293 0
95 219 0
95 290 0
95 368 0
95 291 0
95 397 0
95 381 0
96 236 0
96 248 0
96 387 0
96 262 197
96 370 0
96 205 0
96 373 0
96 220 0
96 266 0
96 276 0
96 222 406
96 213 0
96 274 0
96 249 0
96 207 0
96 272 0
96 240 0
96 350 0
96 369 0
96 224 72
96 351 0
96 275 0
96 281 0
96 392 0
96 359 0
96 353 0
96 366 0
96 347 0
96 362 0
96 318 0
96 315 0
96 225 0
96 202 0
96 278 0
96 292 0
96 300 0
96 263 0
96 234 0
96 210 0
96 313 0
96 361 0
96 283 0
96 219 0
96 282 0
96 367 0
96 293 0
96 242 0
96 203 0
96 221 0
96 237 166
97 382 0
97 308 0
97 397 0
97 359 0
97 309 0
97 392 0
97 245 0
97 362 0
97 286 173
97 339 0
97 275 0
97 221 0
97 366 0
97 262 0
97 244 0
97 337 0
97 378 0
97 302 0
97 223 0
97 355 0
97 206 0
97 269 0
97 282 0
97 291 0
97 363 0
97 249 0
97 316 0
97 222 0
97 293 0
97 296 0
97 248 0
97 201 0
97 361 0
97 276 0
97 257 321
97 226 0
97 396 0
97 340 0
97 298 0
97 273 0
97 297 0
97 228 0
97 250 0
97 240 0
97 219 0
97 342 0
97 369 0
97 343 0
97 330 0
97 225 0
97 319 0
97 280 0
97 254 0
97 217 0
97 373 0
97 390 0
97 380 0
97 233 0
97 357 0
97 387 0
97 215 0
97 203 0
97 220 0
97 204 0
97 393 0
97 229 0
97 391 0
97 367 0
97 300 0
97 212 0
97 202 0
97 265 0
97 230 0
97 270 0
97 290 0
97 389 0
97 239 0
97 395 0
97 320 0
97 294 0
97 234 335
97 386 0
97 252 0
97 241 0
97 352 0
97 227 0
97 351 0
98 235 0
98 355 0
98 390 0
98 251 0
98 303 0
98 330 0
98 244 0
98 232 0
98 225 0
98 229 0
98 307 0
98 233 0
98 291 0
98 358 0
98 300 0
98 311 0
98 260 0
98 257 0
98 214 0
98 374 0
98 392 0
98 397 0
98 208 0
98 370 0
98 245 0
98 299 0
98 217 0
98 394 0
98 288 0
98 327 0
98 351 0
98 221 0
98 338 0
98 305 0
98 295 0
98 368 0
98 210 0
98 367 0
98 261 0
98 399 0
98 248 0
98 238 0
98 363 0
98 373 0
98 277 0
98 241 0
98 207 0
98 337 0
98 329 0
98 266 0
98 284 0
98 243 0
98 388 0
98 386 0
98 281 0
98 206 0
98 264 192
98 320 0
98 231 0
98 292 0
98 270 0
98 375 0
98 240 0
98 282 0
98 335 0
99 218 0
99 249 0
99 212 0
99 283 0
99 278 0
99 317 0
99 232 0
99 274 0
99 294 0
99 259 0
99 272 0
99 291 0
99 306 0
99 349 0
99 377 0
99 376 0
99 385 0
99 303 0
99 275 0
99 390 0
99 223 0
99 305 0
99 366 0
99 364 0
99 336 0
99 334 0
99 236 0
99 237 0
99 279 0
99 391 1277
99 319 0
99 308 0
100 346 0
100 303 0
100 294 0
100 330 0
100 310 0
100 317 412
100 263 0
100 243 0
100 214 0
100 355 0
100 245 0
100 282 0
100 343 0
100 244 0
100 356 0
100 228 0
100 305 1226
100 331 0
100 292 0
100 206 0
100 268 0
100 369 0
100 301 0
100 234 0
100 203 0
100 222 0
100 273 0
100 377 0
100 318 0
100 204 0
100 269 0
100 371 0
100 267 0
100 236 0
100 349 0
100 353 0
100 299 0
100 357 0
100 380 0
100 260 0
100 207 0
100 216 0
101 219 0
101 334 0
101 283 238
101 377 0
101 329 0
101 387 0
101 373 333
101 316 0
101 253 0
101 267 0
101 228 41
101 317 267
101 259 0
101 213 0
101 282 0
102 250 0
102 205 0
102 248 0
102 329 0
102 211 157
102 306 0
102 363 0
102 334 0
102 367 0
102 289 0
102 355 0
102 282 0
102 204 0
102 372 0
102 219 0
102 225 0
102 332 0
102 264 0
102 261 0
102 330 0
102 228 0
102 305 0
102 213 0
102 388 0
102 391 0
102 323 0
102 269 0
102 358 0
102 390 0
102 292 0
102 260 0
102 221 0
102 304 0
102 384 0
102 210 0
102 296 0
102 233 0
102 286 0
102 320 0
102 276 0
102 352 0
102 374 0
102 293 0
102 371 0
103 211 0
103 332 0
103 212 0
103 250 0
103 351 0
103 228 0
103 377 0
103 244 0
103 302 825
103 255 0
103 297 0
103 229 0
103 326 0
103 398 0
103 222 0
103 296 11
103 334 0
103 329 0
103 227 0
103 360 0
103 221 0
103 252 0
103 292 0
103 397 0
103 393 0
103 253 0
103 350 0
103 291 0
103 301 0
103 315 0
103 277 0
103 341 0
103 381 0
103 370 0
103 371 0
103 207 483
103 324 0
103 357 0
103 306 0
103 365 0
103 203 2
103 246 0
103 238 0
103 295 0
104 262 0
104 266 0
104 250 0
104 355 0
104 395 0
104 236 0
104 240 0
104 350 0
104 252 0
104 366 0
104 383 0
104 325 0
104 205 0
104 394 0
104 234 0
104 392 0
104 314 0
104 247 154
104 206 0
104 283 0
104 330 0
104 352 0
104 253 0
104 217 0
104 362 0
104 397 0
104 276 0
104 209 0
104 267 912
104 223 0
104 348 0
104 300 0
104 333 0
104 313 0
104 219 0
104 277 0
104 216 0
104 235 0
104 391 0
104 368 0
104 286 0
104 227 0
104 357 0
104 282 0
104 328 0
104 239 0
104 232 0
104 399 912
104 318 0
104 304 0
104 387 0
104 233 0
104 263 0
104 255 0
104 228 0
104 393 0
104 358 0
104 204 0
104 264 0
104 312 0
104 380 0
104 396 0
104 226 0
104 289 0
104 319 0
104 202 0
104 265 0
104 207 0
104 340 0
104 317 0
104 210 0
104 249 0
104 274 0
104 327 0
104 225 0
104 377 0
104 288 0
104 248 0
104 344 0
104 268 0
104 261 0
104 346 282
104 245 0
104 363 0
104 213 0
104 351 0
104 398 0
104 296 0
104 376 0
105 377 0
105 314 0
105 216 0
105 336 0
105 298 0
105 238 0
105 246 0
105 351 0
105 307 0
105 297 0
105 274 0
105 385 0
105 300 109
105 338 0
105 224 0
105 316 0
105 313 0
105 273 0
105 288 0
105 318 0
105 320 0
105 345 0
105 265 0
105 286 0
105 254 0
105 218 0
105 209 0
105 275 0
105 255 0
105 359 0
105 228 0
105 353 0
105 398 0
105 388 0
105 231 0
105 310 0
105 301 0
105 261 0
105 250 0
105 326 0
105 382 0
105 369 0
105 327 0
105 358 38
105 337 0
105 330 0
105 367 0
105 249 0
105 287 0
105 391 0
105 376 0
105 378 0
105 277 0
105 268 0
105 243 0
105 229 141
105 370 0
105 306 0
105 387 0
105 283 0
105 248 0
105 324 0
105 242 0
105 234 0
105 296 0
105 355 0
105 294 0
105 390 0
105 389 0
105 303 0
105 339 0
105 215 0
105 276 0
105 262 0
105 252 0
105 317 0
105 210 0
105 207 0
105 395 0
105 360 0
105 214 489
105 260 0
105 239 0
105 350 0
105 285 0
105 213 0
106 326 0
106 379 0
106 348 0
106 342 0
106 399 0
106 370 568
106 278 0
106 239 0
106 259 0
106 310 0
106 262 0
106 383 255
106 392 0
106 295 0
106 207 0
106 206 0
106 210 0
106 283 0
106 338 0
107 229 0
107 343 0
107 298 0
107 386 0
107 382 0
107 387 0
107 203 0
107 235 0
107 394 0
107 237 0
107 254 0
107 219 0
107 283 0
107 301 0
107 398 0
107 368 0
107 379 0
107 352 0
107 226 713
107 273 0
107 372 0
107 263 0
107 242 0
107 228 0
107 286 0
107 253 0
107 390 0
107 257 0
107 396 0
107 225 0
107 308 0
107 323 0
107 330 0
107 304 0
107 331 0
107 393 0
107 201 0
107 276 0
107 213 0
107 210 0
107 236 0
107 355 0
107 250 0
107 204 0
107 359 0
107 348 0
107 333 0
107 363 0
107 281 0
107 318 0
107 328 0
107 205 0
107 378 0
107 202 0
107 351 0
107 339 0
107 341 0
107 216 0
107 267 0
107 315 0
107 356 0
107 230 0
107 227 0
107 277 0
107 316 0
107 285 0
107 287 0
107 255 0
107 218 0
107 279 0
107 259 0
107 251 0
107 295 0
107 354 0
107 389 0
107 317 0
107 270 0
107 306 0
107 292 0
107 297 0
107 271 0
107 302 0
107 299 0
107 264 0
108 336 0
108 305 0
108 350 0
108 396 0
108 280 0
108 247 0
108 270 0
108 202 0
108 265 0
108 338 0
108 349 0
108 358 0
108 231 0
108 278 953
108 304 0
108 334 0
108 333 0
108 347 0
108 264 0
108 237 0
108 246 0
108 313 0
108 308 0
108 254 0
108 388 0
108 355 0
108 251 0
108 262 0
108 341 0
108 302 0
108 283 0
108 381 0
108 274 0
108 285 0
108 344 0
108 342 0
108 374 0
108 267 0
108 234 0
109 311 189
109 367 1403
109 300 0
110 389 455
110 279 0
110 288 0
110 333 0
110 322 7
110 300 0
110 291 591
111 236 0
111 326 0
111 295 0
111 257 565
111 332 0
111 249 0
111 388 0
111 269 0
111 265 0
111 318 0
111 216 0
111 391 0
111 294 0
111 261 0
111 277 0
111 251 0
111 362 0
111 255 0
111 283 0
111 342 0
111 310 0
111 383 0
111 202 0
111 260 0
111 354 0
111 215 0
111 397 0
111 317 0
111 308 0
111 314 0
111 242 0
111 205 0
111 328 0
111 312 0
111 368 0
111 338 0
111 274 0
111 392 0
111 254 108
111 316 0
111 252 0
111 220 0
111 266 0
111 315 0
111 355 0
111 322 0
111 386 0
111 351 0
111 382 0
111 378 0
111 259 0
111 377 0
111 263 0
111 389 0
111 240 0
111 301 0
111 289 0
111 234 0
111 349 0
111 363 0
111 341 0
111 361 0
111 245 0
111 233 0
111 286 0
111 285 0
111 394 0
111 214 0
111 300 0
111 212 0
111 303 0
111 232 0
111 299 0
111 227 0
111 364 0
111 360 0
111 339 0
111 237 0
111 213 0
111 321 0
111 276 0
111 325 0
111 330 0
111 384 0
111 288 0
111 256 0
111 287 0
111 204 0
111 346 0
111 319 0
111 380 0
111 241 0
111 271 5
111 387 0
111 282 0
111 333 0
112 291 0
112 330 0
112 264 0
112 244 289
112 380 0
112 371 0
112 308 0
112 316 0
112 230 0
112 217 0
112 204 0
112 392 0
112 235 0
112 202 0
112 311 0
112 208 0
112 369 0
112 300 0
112 236 0
112 359 0
112 373 0
112 262 0
112 320 0
112 228 0
112 261 0
112 339 0
112 237 0
112 295 0
112 377 0
113 217 0
113 364 0
113 274 0
113 398 0
113 209 0
113 242 0
113 256 0
113 329 0
113 307 0
113 267 0
113 225 0
113 245 0
113 363 0
113 367 0
113 289 0
113 211 0
113 247 0
113 391 0
113 286 123
113 296 0
113 317 0
113 369 0
113 353 0
113 219 0
113 300 0
113 206 0
113 375 0
113 298 0
113 205 0
113 262 0
113 313 0
113 373 0
113 388 0
113 399 0
113 381 0
113 261 0
113 285 0
113 239 0
113 370 0
113 336 0
113 236 0
113 290 0
113 360 0
113 293 0
113 389 0
113 278 0
113 281 0
113 392 0
113 383 0
113 395 0
113 291 0
113 203 0
113 362 0
113 343 0
113 251 0
113 366 0
113 322 0
113 284 0
113 309 0
113 316 0
113 342 0
113 387 0
113 321 0
113 345 0
113 255 0
113 207 0
113 382 0
113 283 0
113 221 0
113 314 0
113 344 510
113 312 0
113 318 0
113 305 0
113 227 0
113 339 0
113 376 0
113 231 0
113 234 0
113 380 0
113 213 0
113 294 0
113 365 0
113 379 0
113 374 0
113 302 0
113 238 0
114 320 0
114 255 0
114 215 0
114 232 0
114 248 0
114 350 0
114 313 0
114 250 0
114 223 0
114 290 0
114 295 0
114 266 0
114 306 0
114 318 0
114 303 0
114 393 0
114 397 0
114 330 843
114 258 0
114 343 0
114 399 0
114 358 0
114 363 0
114 211 0
114 331 135
114 297 0
114 287 0
114 353 0
114 276 0
114 262 0
114 308 0
114 321 0
114 319 0
114 210 0
114 203 0
114 340 0
114 327 0
114 207 0
114 204 0
114 336 0
114 380 0
114 305 0
114 281 0
114 337 0
114 273 0
114 368 0
114 265 0
114 253 0
114 296 0
114 301 0
114 292 0
114 219 0
114 286 0
115 390 0
115 286 0
115 204 0
115 207 0
115 271 0
115 327 0
115 321 0
115 355 0
115 278 0
115 229 0
115 352 0
115 397 0
115 281 0
115 335 0
115 319 0
115 387 0
115 222 0
115 253 0
115 386 0
115 220 0
115 330 0
115 337 0
115 350 0
115 301 0
115 288 0
115 298 0
115 255 0
115 363 0
115 372 0
115 266 0
115 342 0
115 348 0
115 358 0
115 303 0
115 361 0
115 238 969
115 394 0
115 370 0
115 241 0
115 357 0
115 328 0
115 365 0
115 210 0
115 297 0
115 346 953
115 203 0
115 310 0
115 373 0
115 340 0
115 291 0
115 240 0
115 284 0
115 336 0
115 249 0
115 332 0
115 356 0
115 206 0
115 242 0
115 292 0
115 209 0
115 296 0
115 260 0
115 218 0
115 231 0
115 371 0
115 280 0
115 378 0
115 224 0
115 205 0
115 351 0
115 236 0
115 312 0
115 306 0
115 293 0
115 250 0
115 251 0
115 315 0
115 295 0
115 302 0
115 201 0
115 395 0
115 317 0
115 344 0
115 232 1616
115 208 0
115 211 0
115 217 0
115 309 0
115 343 0
115 256 0
115 382 0
115 341 0
115 268 0
116 311 0
116 300 0
116 365 0
116 389 0
116 212 0
116 264 0
116 321 0
116 309 0
116 222 0
116 245 0
116 352 0
116 364 0
116 246 0
116 281 0
116 248 0
116 339 0
116 237 0
116 323 0
116 354 0
116 375 0
116 275 0
116 392 0
116 271 0
116 294 0
116 276 0
116 377 0
116 255 0
116 266 0
116 360 0
116 320 0
116 250 0
116 313 0
116 356 0
116 299 0
116 258 0
116 378 0
116 362 0
116 288 0
116 396 0
116 204 0
116 330 0
116 335 0
116 368 0
116 289 0
116 217 0
116 270 0
116 229 0
116 326 0
116 380 0
116 247 0
116 369 0
116 376 0
116 398 0
116 399 0
116 391 0
116 243 0
116 325 0
116 307 0
116 336 0
116 256 0
116 374 0
116 310 0
116 304 1507
116 206 0
116 343 0
116 220 0
116 282 0
116 221 0
116 278 0
116 262 0
116 242 0
116 260 0
116 269 0
116 387 0
116 251 0
116 293 0
116 261 0
116 327 0
116 236 0
116 319 0
116 372 0
116 205 0
116 385 0
116 298 0
116 363 0
116 397 0
116 227 0
116 382 0
116 390 0
116 318 0
116 241 0
116 209 0
116 277 0
116 214 0
117 262 0
117 251 161
117 267 0
117 315 0
117 340 0
117 306 0
118 274 0
118 218 0
118 387 0
118 344 0
118 359 0
118 336 0
118 231 0
118 251 0
118 293 0
118 229 0
118 371 0
118 327 0
118 335 0
118 339 0
118 230 0
118 233 0
118 314 0
118 378 0
118 324 0
118 243 0
118 270 0
118 379 0
118 228 0
118 349 0
118 338 0
118 355 0
118 240 0
118 221 0
118 207 0
118 315 0
118 333 0
118 253 0
118 255 0
118 308 0
118 307 0
118 201 0
118 334 0
118 381 0
118 343 0
118 220 0
118 386 0
118 213 0
118 397 0
118 236 0
118 360 0
118 249 0
118 363 0
118 225 0
118 305 0
118 384 0
118 348 0
118 212 0
118 312 0
118 239 0
118 204 0
118 310 0
118 319 0
118 208 0
118 321 0
118 352 0
118 385 0
118 290 0
118 340 0
118 351 0
118 373 0
118 382 0
118 392 0
118 361 0
118 318 0
118 224 0
118 286 1893
118 320 0
118 366 0
118 380 0
118 283 0
118 291 0
118 292 0
118 209 0
118 323 0
118 304 0
118 211 0
118 289 0
118 358 0
118 256 0
118 273 0
118 296 0
118 325 0
118 301 0
118 260 0
118 245 0
118 237 0
119 317 0
119 255 0
119 289 0
119 267 0
119 388 0
119 239 0
119 242 0
119 216 0
119 313 0
119 383 0
119 304 0
119 232 0
119 234 0
119 318 0
119 352 0
119 223 0
119 380 0
119 348 0
119 368 0
119 369 0
119 293 0
119 295 0
119 398 0
119 395 0
119 231 0
119 391 0
119 331 0
119 236 0
119 347 0
119 219 0
119 238 0
119 202 0
119 302 0
119 290 0
119 201 235
119 208 0
119 390 1487
120 248 0
120 237 0
120 212 0
120 350 0
120 293 0
120 204 0
120 273 0
120 364 673
120 233 0
120 208 0
120 373 0
120 270 0
120 368 0
120 399 0
120 390 0
120 211 0
120 241 0
120 353 0
120 348 0
120 346 0
120 326 0
120 352 0
120 230 0
121 275 0
121 283 0
121 248 0
121 325 0
121 206 0
121 234 0
121 328 0
121 229 0
121 300 0
121 216 0
121 270 0
121 276 0
121 329 0
121 212 0
121 233 0
121 246 0
121 219 0
121 204 0
121 349 0
121 356 0
121 286 123
121 289 0
121 339 0
121 399 0
121 249 0
121 305 0
121 354 0
121 321 0
121 253 0
121 254 0
121 366 0
121 213 0
121 273 0
121 247 0
121 238 0
121 352 0
121 296 0
121 222 0
121 345 0
121 363 0
121 383 0
121 333 0
121 224 0
121 265 0
121 334 0
121 355 0
121 251 0
121 274 0
121 310 0
121 338 0
121 373 0
121 348 0
121 393 0
121 319 0
121 307 0
121 313 0
121 211 0
121 201 0
121 360 0
121 225 0
121 317 0
121 291 0
121 358 0
121 342 0
121 395 0
121 361 0
121 256 0
121 217 0
121 306 0
121 220 0
121 388 0
121 396 0
121 372 0
121 208 0
121 257 0
121 374 0
121 284 0
122 290 0
122 394 0
122 377 0
122 265 0
122 342 0
122 387 0
122 338 0
122 254 0
122 386 0
122 370 0
122 210 0
122 234 0
122 339 0
122 374 0
122 287 0
122 226 0
122 237 0
122 276 0
122 392 0
122 314 0
122 315 0
122 242 0
122 267 0
122 288 0
122 307 0
122 259 0
122 262 938
122 311 0
122 229 0
122 261 0
122 300 0
122 361 0
122 327 0
122 373 0
122 252 0
122 310 0
122 382 0
122 201 0
122 240 0
122 378 0
122 272 0
122 251 0
122 319 0
122 349 0
122 255 0
122 369 0
122 269 0
122 247 0
122 249 0
122 214 0
122 268 0
122 360 0
122 233 0
122 346 0
122 216 0
122 248 0
122 356 0
122 246 0
122 364 0
122 353 0
122 348 0
122 322 0
122 357 0
122 388 0
122 331 0
122 393 0
122 358 0
122 223 0
122 227 0
123 325 0
123 238 0
123 330 72
123 369 708
123 318 0
123 379 0
123 278 0
123 248 0
123 349 0
123 250 0
123 275 0
123 291 0
123 308 0
124 294 0
124 244 0
124 324 0
124 213 0
124 352 9
124 349 0
124 353 128
124 385 0
124 388 0
124 259 0
124 255 0
124 380 0
124 377 0
124 228 0
124 322 0
124 323 185
124 334 435
124 267 0
124 270 0
124 301 0
124 221 0
125 304 0
125 378 1374
125 230 0
125 351 0
125 389 0
125 336 0
125 260 0
125 263 0
125 294 0
125 344 0
126 324 0
126 303 0
126 274 0
126 318 0
126 382 0
126 293 0
126 284 0
126 326 0
126 328 0
126 365 1344
126 389 0
126 276 0
126 216 0
126 374 0
126 270 0
126 278 0
126 203 0
126 353 0
126 363 0
126 394 0
126 251 0
126 348 0
126 236 0
126 269 0
126 211 0
126 232 0
126 321 0
126 277 0
126 372 0
126 259 0
126 357 0
126 267 0
126 227 0
126 384 0
126 393 0
126 221 0
126 385 0
126 360 226
126 331 0
126 208 0
126 366 0
126 391 84
126 380 0
126 388 0
126 275 0
126 218 0
126 337 0
126 283 0
126 233 312
126 230 0
127 338 486
127 261 0
127 385 0
127 275 0
127 285 0
127 395 0
127 264 0
127 297 0
127 209 0
127 284 0
127 289 0
127 321 0
127 308 0
127 300 0
127 333 0
127 399 0
127 393 0
127 228 0
127 211 0
127 347 0
127 360 0
127 290 0
127 207 0
127 242 0
127 204 0
127 271 0
127 254 0
127 335 358
127 319 0
127 391 0
127 373 0
127 350 0
127 381 0
127 225 0
127 201 0
127 218 0
127 248 0
127 238 0
127 221 0
127 384 0
127 303 0
128 346 0
128 284 0
128 250 0
128 314 0
128 375 0
128 234 0
128 395 0
128 203 0
128 270 0
128 278 0
128 349 0
128 239 0
128 383 0
128 216 0
128 222 0
128 256 0
128 296 0
128 226 207
128 317 0
128 297 0
128 361 0
128 331 0
128 318 0
128 299 0
129 269 0
129 304 0
129 340 0
129 320 0
129 285 0
129 335 0
129 322 0
129 383 0
129 333 0
129 331 0
129 391 0
129 232 0
129 359 0
129 284 0
129 260 0
129 220 0
129 363 0
129 344 0
129 276 1271
129 280 0
130 213 0
130 311 0
130 241 0
130 309 0
130 354 0
130 361 0
130 228 0
130 212 0
130 363 0
130 288 0
130 372 0
130 247 0
130 335 0
130 342 0
130 303 0
130 217 0
130 218 0
130 396 0
130 298 0
130 386 0
130 397 0
130 336 0
130 249 0
130 276 0
130 364 0
130 394 0
130 399 0
130 375 0
130 258 0
130 300 0
130 358 0
130 351 0
130 377 0
130 293 0
130 332 0
130 313 0
130 355 0
130 292 0
130 383 0
130 294 0
130 349 0
130 244 0
130 373 0
130 227 0
130 254 0
130 257 0
130 390 0
130 246 0
130 357 0
130 282 0
130 286 0
130 256 1357
130 238 0
130 367 0
130 225 0
130 318 0
130 374 0
130 263 0
130 255 0
130 280 180
130 362 0
130 201 0
130 301 0
130 283 0
130 209 0
130 365 0
130 251 0
130 319 0
130 216 0
130 339 0
130 378 0
130 370 0
130 245 0
130 250 0
130 207 0
130 323 0
130 240 0
130 306 0
130 262 0
130 272 0
131 400 457
131 336 0
131 247 0
131 208 0
131 255 0
131 290 0
131 258 0
131 319 0
131 295 0
131 318 0
131 296 0
131 341 0
131 219 0
131 335 0
131 367 0
131 302 0
131 328 0
131 361 0
131 294 0
131 207 0
131 376 0
131 397 0
131 286 0
131 344 0
131 298 0
131 320 0
131 274 0
131 388 0
131 312 0
131 285 0
131 245 0
131 315 0
131 265 0
131 358 0
131 377 0
131 260 0
131 309 0
131 374 0
131 349 0
131 253 0
131 240 0
131 210 0
131 206 0
131 348 0
131 224 0
131 372 0
131 278 0
131 215 0
131 346 0
131 394 0
131 355 0
131 217 0
131 218 0
131 262 0
131 241 0
131 371 0
131 225 0
131 236 0
131 242 0
132 391 0
132 234 0
132 313 0
132 383 0
132 242 0
132 397 0
132 245 0
132 336 0
132 310 0
132 346 0
132 302 0
132 337 0
132 333 0
132 285 0
132 250 0
132 277 0
132 377 0
132 304 0
132 248 2111
132 376 0
132 369 0
132 380 0
132 254 0
132 370 0
132 307 0
132 357 0
132 224 0
132 247 0
132 215 0
132 382 0
132 381 0
132 232 0
132 207 0
132 288 0
132 316 0
132 350 0
132 388 0
132 386 0
132 314 0
132 292 0
132 249 0
132 355 0
132 329 0
132 218 0
132 393 0
132 347 0
132 396 0
132 331 0
132 351 0
132 246 0
132 251 0
133 310 0
133 367 0
133 316 0
133 337 0
133 303 573
133 369 0
133 363 0
133 347 0
133 383 0
134 300 1616
134 275 0
134 237 0
134 221 0
134 344 0
134 334 0
134 250 0
134 319 0
134 286 0
134 321 0
134 291 0
135 266 0
135 226 0
135 338 0
135 231 0
135 334 643
136 213 0
136 262 0
136 265 0
136 299 0
136 319 0
136 365 0
136 346 0
136 397 320
136 389 125
136 239 0
136 247 0
136 361 0
136 313 0
136 269 360
136 301 0
136 326 0
136 352 0
136 201 0
136 388 0
136 250 0
136 359 0
136 309 0
136 370 0
136 238 0
137 277 0
137 290 0
137 253 579
137 282 0
137 360 0
137 363 0
137 355 0
137 322 0
137 338 0
137 267 0
137 269 0
137 370 0
137 257 0
137 349 0
137 293 0
137 314 0
137 386 0
137 278 0
137 215 0
137 364 0
137 304 0
137 203 0
137 224 0
137 325 0
137 334 0
137 303 68
137 379 0
137 392 0
137 201 0
137 251 0
137 320 0
137 232 0
137 339 0
137 235 0
137 359 0
137 388 0
137 383 0
137 275 0
137 377 0
137 394 0
137 309 0
137 398 0
137 202 0
137 207 0
137 296 0
137 223 0
137 274 0
137 333 0
137 247 0
137 365 0
137 239 0
137 335 0
137 210 0
137 241 0
137 285 0
137 347 0
137 218 0
137 226 0
137 234 0
137 345 0
137 315 0
137 324 0
137 298 0
137 311 0
137 297 0
137 346 0
137 397 0
137 258 0
137 374 0
137 295 0
137 373 0
137 206 0
137 216 0
137 212 0
138 299 385
138 306 0
138 398 489
139 400 528
139 330 0
139 350 0
139 236 0
139 390 0
139 279 0
139 382 0
139 340 0
139 291 0
139 355 0
139 270 0
139 369 0
139 253 0
139 297 0
139 215 0
139 204 0
139 383 0
139 301 0
139 312 0
139 347 0
140 305 0
140 247 0
140 280 0
140 201 0
140 338 0
140 282 0
140 296 0
140 362 0
140 387 0
140 399 0
140 320 0
140 265 0
140 334 0
140 284 47
140 270 0
140 366 0
140 237 0
140 295 792
140 275 0
140 307 0
140 363 0
140 210 0
140 221 0
140 260 0
140 286 0
140 360 0
140 385 0
140 261 0
140 226 0
140 398 0
140 337 0
140 302 0
140 263 0
140 343 0
140 278 0
140 381 0
140 245 0
140 229 0
140 249 0
141 298 0
141 396 0
141 355 0
141 377 0
141 212 0
141 220 0
141 205 0
141 315 0
141 361 0
141 318 0
141 283 0
141 237 160
141 260 0
141 228 0
141 242 0
141 370 0
141 288 0
141 296 0
141 261 0
141 295 0
141 380 0
141 322 0
141 327 0
141 314 0
141 214 0
141 208 0
141 307 0
141 326 0
141 393 0
141 286 0
141 306 0
141 360 0
141 264 0
141 372 0
141 363 0
141 390 0
141 213 0
141 236 0
141 343 0
141 386 0
141 243 0
141 333 0
141 279 0
141 388 292
141 209 0
141 362 0
141 222 0
141 202 0
141 201 0
141 365 0
141 285 0
141 383 0
141 341 0
141 331 0
141 347 0
141 308 0
141 345 0
141 218 0
141 394 0
141 249 0
141 353 0
141 232 0
141 385 0
141 391 0
141 246 0
141 302 0
141 329 0
141 280 0
141 311 0
141 290 0
141 319 0
141 384 0
141 219 0
141 342 0
141 272 0
141 239 0
141 336 0
141 373 0
141 344 0
141 382 0
141 263 0
141 244 0
141 354 0
141 338 0
141 378 0
141 321 0
141 231 0
141 397 0
141 324 0
142 340 0
142 227 1381
142 242 0
142 201 0
142 223 0
142 286 0
142 337 0
142 245 0
142 318 0
142 293 0
142 380 0
142 315 0
142 206 0
142 347 0
142 252 0
142 294 0
142 239 0
142 388 0
142 261 0
142 368 0
143 217 0
143 245 185
143 343 0
143 265 0
144 317 0
144 396 0
144 254 0
144 323 0
144 252 0
144 248 304
144 391 0
144 382 0
144 365 117
144 279 0
144 292 0
144 358 0
144 207 0
144 213 0
144 281 0
144 226 41
144 259 0
144 346 0
144 219 0
144 393 0
144 255 0
144 370 0
144 284 0
144 210 0
144 275 0
144 363 0
144 231 0
144 338 0
144 298 0
144 310 0
144 375 0
144 294 0
144 253 0
144 216 0
144 299 0
144 326 0
144 239 0
144 325 0
144 227 0
144 371 0
144 301 0
144 339 0
144 341 0
144 387 0
144 397 0
144 233 0
144 335 0
144 208 0
144 234 0
144 373 0
144 378 0
144 380 0
144 264 0
144 394 0
144 240 0
144 312 0
144 319 0
144 376 0
144 386 0
144 377 0
144 265 0
144 308 0
144 322 0
145 257 0
145 283 0
145 361 0
145 322 0
145 358 0
145 307 0
145 266 771
145 297 0
145 345 0
145 342 0
145 362 0
145 375 0
145 309 0
145 280 0
145 245 0
145 327 0
145 339 0
145 264 0
145 311 0
145 380 220
145 265 0
145 366 0
145 351 0
145 205 0
145 334 0
145 308 0
145 391 0
145 348 0
145 259 0
145 381 0
145 390 0
145 344 0
145 365 0
145 383 0
146 303 0
146 284 0
146 302 0
146 357 0
146 224 0
146 286 0
146 392 0
146 279 0
146 386 0
146 273 0
146 287 0
146 243 0
146 393 0
146 211 0
146 337 0
146 372 0
146 355 0
146 388 0
146 250 0
146 341 0
146 305 0
146 269 0
146 328 0
146 389 0
146 206 0
146 323 0
146 241 0
146 304 172
146 351 0
146 345 0
146 226 0
146 369 0
146 391 381
146 212 0
146 276 0
146 265 0
146 312 0
146 221 0
146 218 0
146 249 0
146 240 0
146 321 661
146 272 0
146 215 0
146 278 0
146 343 0
146 347 0
146 353 0
146 380 0
146 359 0
146 281 0
146 383 0
146 264 0
146 390 0
146 256 0
146 210 0
146 242 0
146 309 0
146 227 0
146 299 0
146 258 0
146 344 0
146 326 0
146 205 0
146 202 0
146 238 0
146 232 0
146 222 0
146 317 0
146 260 0
146 300 0
146 371 0
146 398 0
146 325 0
146 311 0
146 275 1055
146 259 0
146 217 0
146 361 0
146 257 0
146 239 0
146 297 0
146 307 0
146 283 0
146 364 0
146 237 0
146 368 0
146 267 0
146 308 0
146 266 0
146 399 0
147 207 0
147 241 448
147 235 0
147 216 0
147 329 0
147 328 22
147 249 638
147 284 0
147 292 418
147 217 0
148 375 0
148 353 0
148 251 0
148 217 0
148 227 0
148 266 160
148 220 0
149 237 0
149 378 0
149 394 0
149 242 0
149 212 0
149 258 0
149 379 147
149 247 0
149 255 0
149 350 0
149 228 0
149 347 0
149 226 233
149 387 0
149 204 0
149 222 0
149 316 0
149 341 0
149 386 0
150 379 0
150 392 0
150 299 0
150 232 0
150 201 0
150 324 0
150 308 0
150 381 0
150 207 0
150 333 0
150 261 0
150 243 0
150 339 0
150 342 0
150 215 0
150 382 0
150 322 0
150 283 0
150 371 0
150 266 0
150 380 0
150 257 0
150 291 0
150 263 0
150 227 424
150 230 127
150 386 0
150 332 0
150 376 0
150 377 0
150 360 0
150 224 0
150 363 0
150 346 0
150 378 0
150 336 0
150 259 0
150 399 0
150 221 0
150 353 0
150 274 0
150 393 0
150 300 470
150 356 0
150 396 0
150 273 0
150 211 0
150 375 0
150 226 0
150 282 0
150 390 0
150 277 0
150 359 0
150 225 0
150 212 0
150 269 0
150 295 0
150 330 0
150 247 0
151 321 0
151 344 0
151 240 0
151 254 0
151 342 867
151 229 0
151 357 0
151 384 0
151 348 0
151 322 0
151 253 0
151 219 0
151 224 0
151 239 0
151 395 0
151 223 0
151 317 0
151 237 0
151 389 0
151 313 0
151 370 0
151 398 0
151 310 0
151 362 0
151 266 0
151 363 0
151 353 0
151 244 0
151 324 0
151 335 483
151 208 0
151 316 0
151 331 0
151 320 0
151 265 0
151 257 0
151 366 0
151 252 0
151 290 0
152 248 0
152 302 0
152 264 0
152 392 0
152 304 1320
152 290 0
152 360 0
152 278 0
152 373 0
152 274 0
152 337 0
152 251 0
152 288 0
152 399 0
152 370 0
152 246 0
152 317 0
152 217 0
153 286 0
153 388 0
153 358 0
153 292 0
153 301 0
153 310 0
153 312 0
153 294 403
153 348 0
153 390 0
153 281 0
153 248 0
153 220 0
153 379 0
153 334 0
153 371 0
153 380 0
153 398 309
153 387 0
154 207 0
154 399 0
154 331 0
154 302 0
154 301 0
154 358 0
154 351 0
154 337 0
154 346 0
154 238 0
154 262 0
154 376 0
154 328 0
154 347 0
154 269 0
154 365 0
154 299 0
154 322 0
154 338 0
154 239 0
154 356 0
154 228 0
154 310 0
154 375 0
154 382 0
154 279 0
154 281 0
154 361 0
154 311 0
154 335 0
154 314 0
154 284 0
154 236 0
154 293 0
154 366 0
154 378 366
154 326 0
154 360 0
154 209 0
154 308 0
154 327 0
154 359 0
154 225 0
154 305 0
154 362 0
154 202 0
154 324 0
154 294 0
154 336 0
154 214 0
154 334 0
154 332 0
154 217 0
154 282 0
154 231 0
154 249 0
154 319 0
154 227 0
154 272 0
154 379 0
154 396 0
154 297 0
154 391 0
154 386 0
154 221 0
154 291 0
154 212 0
154 313 0
154 343 0
154 373 0
154 369 0
154 381 0
154 317 0
154 253 0
154 290 0
154 393 0
154 370 0
154 292 0
154 232 0
154 350 0
154 349 0
154 247 0
154 204 0
154 389 0
154 380 0
154 300 0
154 210 0
154 242 0
154 241 946
154 394 0
154 224 0
154 397 0
154 388 0
154 216 259
154 325 0
154 320 0
154 398 0
155 232 0
155 219 0
155 214 0
155 205 0
155 390 0
155 344 0
155 283 0
155 222 0
155 203 0
155 273 0
155 370 0
155 236 0
155 252 0
155 309 0
155 399 0
155 268 0
155 324 0
155 228 0
155 349 0
155 260 0
155 352 0
155 378 0
155 243 0
155 319 0
155 245 0
155 343 1100
155 267 0
155 209 0
155 208 0
155 320 0
155 365 0
155 290 273
155 345 0
155 280 0
155 281 0
155 313 0
155 216 0
155 288 0
155 353 0
155 284 0
155 271 0
155 206 0
155 379 0
155 202 0
155 217 0
155 292 0
155 306 0
155 369 0
155 278 0
155 312 0
155 330 0
155 325 0
155 226 0
155 294 0
155 275 0
155 276 0
155 303 0
155 266 0
155 382 0
155 233 0
155 277 248
155 346 0
155 335 0
155 340 0
155 351 0
155 229 0
155 362 0
155 326 0
155 241 0
155 230 0
155 255 0
155 247 0
155 386 0
155 212 0
155 377 0
155 286 0
155 210 0
155 331 0
155 301 0
155 358 0
155 373 0
155 295 0
155 285 0
155 322 0
155 389 0
155 218 0
155 223 0
155 308 0
155 221 0
155 388 0
155 235 0
155 307 0
155 269 0
155 337 0
155 305 0
155 315 0
155 231 0
155 249 0
155 238 0
155 329 0
155 289 257
156 335 0
156 374 0
156 215 0
156 297 0
156 377 0
156 257 0
156 371 0
156 239 0
156 333 0
156 211 0
156 209 0
156 270 0
156 207 0
156 301 0
156 304 0
156 348 0
156 385 0
156 397 0
156 245 0
156 395 0
156 368 0
156 390 41
156 347 0
156 244 0
157 320 0
157 398 0
157 272 0
157 213 0
157 244 0
157 218 0
157 215 0
157 349 0
157 288 0
157 274 0
157 298 0
157 246 0
157 315 0
157 377 0
157 231 0
157 370 0
157 396 0
157 208 0
157 321 0
157 232 0
157 393 0
157 301 0
157 303 0
157 389 0
157 212 0
157 378 0
157 319 0
157 214 0
157 222 0
157 263 0
157 290 0
157 310 0
157 242 0
157 283 0
157 348 0
157 209 0
157 294 0
157 364 0
157 397 0
157 341 0
157 241 466
157 314 0
157 247 0
157 326 0
157 371 0
157 266 0
157 388 0
157 363 0
157 230 0
157 257 0
157 220 0
157 282 0
157 219 0
157 203 0
157 206 0
157 236 0
157 335 0
157 392 0
157 281 0
157 249 0
157 202 0
157 387 0
157 291 0
157 302 0
157 224 0
157 324 0
157 293 0
157 223 0
157 380 0
157 374 0
157 339 0
157 390 0
157 262 0
157 271 0
157 221 0
157 243 0
157 237 0
157 292 0
157 265 0
157 359 0
157 313 0
157 383 0
157 318 0
157 340 0
157 338 0
157 317 0
157 316 0
157 235 0
157 233 0
157 269 0
157 267 0
157 332 0
157 311 0
157 300 0
157 357 0
157 352 0
158 370 0
158 273 0
158 261 521
158 349 32
158 202 407
158 306 434
159 342 0
159 276 0
159 238 0
159 250 0
159 269 0
159 290 0
159 332 0
159 288 759
159 242 0
159 328 0
159 267 0
159 224 0
159 354 0
159 399 0
159 230 0
159 283 0
159 392 0
159 391 0
159 239 0
159 376 0
159 225 0
159 378 0
159 292 0
159 373 0
159 272 0
159 210 0
159 351 0
159 322 0
159 236 0
159 213 0
159 308 0
159 217 0
159 357 0
159 299 0
159 321 0
159 382 0
159 366 16
159 263 0
159 264 0
159 245 0
159 300 0
159 214 0
159 341 0
159 390 0
159 311 0
159 313 0
159 248 0
159 255 0
159 314 152
159 246 0
159 393 0
159 282 0
159 262 0
159 348 0
159 356 0
159 333 0
159 364 0
159 377 0
159 229 0
159 207 0
159 370 0
159 291 0
159 287 0
160 319 0
160 344 0
160 213 0
160 284 0
160 220 0
160 240 0
160 266 0
160 251 0
160 268 0
160 320 0
160 377 0
160 232 0
160 250 0
160 221 609
160 338 0
160 227 0
160 201 0
160 243 0
160 324 0
160 308 0
160 306 0
160 360 0
160 356 0
160 290 0
160 326 0
160 236 0
160 215 0
160 272 0
160 382 0
160 375 0
160 216 0
160 381 0
160 271 0
160 321 376
160 229 0
160 393 0
160 282 0
160 336 0
160 209 0
160 205 0
161 216 0
161 303 0
161 395 0
161 336 0
161 343 0
161 328 0
161 288 0
161 316 0
161 352 0
161 356 452
161 225 0
162 320 0
162 375 0
162 202 0
162 366 0
162 282 0
162 230 197
162 399 0
162 302 0
162 350 0
162 369 0
162 357 0
162 270 0
162 201 0
162 358 0
162 321 0
162 269 0
162 298 0
162 300 0
162 323 0
162 365 0
162 371 0
162 327 0
162 392 0
162 334 0
162 312 0
162 319 0
162 207 0
162 333 0
162 218 0
162 216 0
162 275 0
162 287 0
162 296 0
162 209 0
162 373 0
162 394 0
162 386 0
162 250 0
162 228 0
162 277 0
162 382 0
162 339 0
162 314 0
162 306 0
162 352 0
162 265 0
162 351 0
162 285 0
162 222 0
162 242 0
162 211 0
162 279 0
162 305 0
162 397 0
163 233 0
163 373 0
163 296 0
163 202 0
163 208 0
163 370 0
163 354 0
163 237 0
163 300 0
163 227 0
163 327 0
163 345 889
163 350 0
163 349 0
163 262 46
163 203 0
163 356 0
163 348 0
163 342 0
163 315 0
163 242 6
164 337 0
164 240 0
164 210 0
164 266 0
164 275 0
164 396 0
164 229 0
164 224 0
164 398 0
164 322 0
164 353 0
164 292 0
164 347 0
164 201 0
164 381 0
164 394 0
164 239 0
164 342 0
164 375 0
164 304 0
164 312 0
164 221 0
164 216 0
164 299 0
164 289 0
164 212 0
164 395 0
164 206 0
164 255 0
164 355 0
164 384 0
164 261 0
164 295 0
164 208 0
164 249 0
164 356 0
164 368 0
164 313 0
164 340 0
164 314 0
164 383 0
164 263 0
164 297 0
164 365 0
164 309 0
164 294 0
164 267 0
164 373 0
164 204 0
164 214 0
164 270 0
164 374 0
164 238 0
164 245 0
164 290 0
164 298 0
164 357 0
164 331 0
164 209 0
164 302 0
164 350 0
164 271 0
164 228 0
164 272 0
164 379 0
164 287 0
164 234 0
164 316 0
164 363 0
164 393 0
164 397 0
164 372 0
164 300 0
164 333 0
164 385 0
164 247 0
164 236 0
164 351 0
164 219 0
164 241 0
164 232 0
164 282 0
164 220 0
164 326 0
164 277 0
164 246 0
164 283 0
164 280 0
164 285 0
164 207 0
164 252 0
164 278 0
164 203 0
164 315 0
164 223 20
164 354 0
164 258 0
164 359 0
164 317 0
164 217 0
164 303 0
164 311 928
164 382 0
164 308 0
164 268 0
164 251 0
164 336 0
164 339 0
165 300 0
165 213 1593
165 286 0
165 229 0
165 369 0
165 393 0
165 325 0
165 331 0
165 313 0
165 243 0
165 204 0
165 335 0
165 272 0
165 203 0
165 358 0
165 219 0
165 368 0
165 205 0
165 223 0
165 327 0
165 217 0
165 269 0
165 314 0
165 222 0
165 285 0
165 360 0
165 345 0
165 292 0
165 224 0
165 280 0
165 350 0
165 353 0
165 266 0
165 336 0
165 333 0
165 397 0
165 359 0
165 227 0
165 377 0
165 374 0
165 398 0
165 343 0
165 291 0
165 352 0
165 262 0
165 319 0
165 264 0
165 382 0
165 210 0
165 240 0
165 208 0
165 342 0
165 260 0
165 311 0
165 373 0
165 268 0
165 251 0
165 225 0
165 316 0
165 321 0
165 226 0
165 265 0
165 246 0
165 315 0
165 344 0
165 270 0
165 312 0
165 337 0
165 212 0
165 389 0
165 310 0
165 386 0
165 207 0
165 232 0
165 216 0
165 231 0
165 340 0
165 334 0
165 283 0
165 356 0
165 306 0
165 261 0
165 209 0
165 233 0
165 308 0
165 259 0
165 379 0
165 242 0
165 248 0
165 309 0
165 371 0
165 378 0
165 254 0
165 301 0
165 362 0
165 341 97
166 324 0
166 308 0
166 229 0
166 283 0
166 314 0
166 333 0
166 323 0
166 231 0
166 262 0
166 356 649
166 305 0
166 222 0
166 319 0
166 299 0
166 381 0
166 288 0
166 251 0
166 208 0
166 252 0
166 279 0
166 272 0
166 201 0
166 370 0
166 225 0
166 267 0
166 297 0
166 285 0
166 291 0
166 337 0
166 290 0
166 320 0
166 259 0
166 275 0
166 397 0
166 322 0
166 334 0
166 304 0
166 214 0
166 260 0
166 254 0
166 364 0
166 271 0
166 244 0
166 203 0
166 220 0
166 230 0
166 236 0
166 389 0
166 328 0
166 206 0
166 246 0
166 348 0
166 342 0
166 385 0
166 250 0
166 361 0
166 384 0
166 219 0
166 301 0
166 317 0
166 248 0
166 227 0
166 223 0
166 309 0
166 238 0
166 268 0
166 318 0
166 221 0
166 303 0
166 396 0
166 355 0
166 210 0
166 243 0
166 399 0
166 293 0
166 387 0
166 377 0
166 295 0
166 353 0
166 388 0
166 264 0
166 258 0
166 347 0
166 282 0
166 237 0
166 340 0
166 336 0
166 325 0
166 369 0
166 213 0
166 310 0
166 357 0
166 204 0
166 311 0
167 202 0
167 262 0
167 237 0
167 382 0
167 368 0
167 207 0
167 279 0
167 263 0
167 287 0
167 326 0
167 278 0
167 322 0
167 234 0
167 217 365
167 230 0
167 215 0
167 356 0
167 317 0
167 380 0
167 305 0
167 283 0
167 385 0
167 314 0
167 280 0
167 205 0
167 206 0
167 295 0
167 226 0
167 351 0
167 299 0
167 340 0
167 372 0
167 394 223
167 376 0
167 222 0
167 245 0
167 203 0
167 335 0
167 386 0
167 301 915
167 247 0
167 284 0
167 271 0
167 229 0
168 206 0
168 330 0
168 205 0
168 299 0
168 316 0
168 271 0
168 201 0
168 261 0
168 222 0
168 228 0
168 285 0
168 371 0
168 359 0
168 232 0
168 213 0
168 336 0
168 236 0
168 320 0
168 395 0
168 324 1702
168 318 0
168 313 0
168 352 0
168 392 0
168 332 0
168 377 0
168 226 0
168 215 0
168 315 0
168 393 0
168 382 0
168 262 0
168 273 0
168 237 0
168 246 0
168 322 0
168 383 0
168 293 0
168 238 0
168 268 0
168 365 0
168 212 0
168 264 0
168 272 9
168 253 0
168 301 0
168 375 0
168 251 0
168 288 0
168 298 0
168 310 0
169 380 0
169 340 0
169 277 0
169 391 0
169 217 0
169 346 0
169 290 0
169 279 0
169 384 0
169 333 0
169 332 0
169 322 0
169 249 0
169 302 0
169 373 0
169 224 0
169 256 0
169 216 0
169 305 0
169 378 0
169 331 0
169 284 0
169 234 0
169 348 0
169 297 0
169 396 0
169 261 0
169 311 0
169 301 0
169 230 0
169 374 0
169 319 0
169 254 0
169 211 0
169 389 0
169 347 0
169 358 0
169 395 0
169 370 0
169 293 0
169 392 0
169 225 0
169 240 0
169 385 0
169 393 0
169 316 0
169 248 0
169 328 0
169 241 0
169 309 0
169 271 0
169 344 0
169 251 0
169 237 0
169 325 1720
169 394 0
169 282 0
169 212 0
169 349 0
169 363 0
169 312 0
169 245 0
169 372 0
169 360 0
169 235 0
169 321 0
169 270 0
169 345 0
169 268 0
169 341 0
169 242 0
169 264 0
169 361 0
169 338 0
169 286 0
169 220 0
169 300 0
169 371 0
169 365 0
169 265 0
169 219 0
169 390 0
169 326 0
169 227 0
169 398 0
170 244 0
170 343 0
170 322 0
170 349 0
170 254 0
170 376 0
170 283 0
170 373 0
170 267 0
170 273 0
170 323 0
170 280 0
170 358 0
170 255 0
170 271 0
170 340 0
170 304 279
170 212 0
170 303 0
170 222 0
170 356 0
170 306 0
170 250 0
170 315 0
170 319 0
170 309 0
170 388 0
170 294 0
170 226 0
170 389 0
170 234 0
170 346 0
170 379 0
170 201 0
170 248 0
170 363 0
170 233 0
170 321 0
170 367 0
170 205 0
170 207 0
170 325 0
170 364 0
170 256 0
170 347 0
170 238 0
170 299 0
170 229 0
170 324 0
170 339 0
170 204 0
170 345 0
170 332 0
170 286 0
170 252 0
170 360 0
170 275 0
170 361 0
170 206 0
170 230 0
170 328 0
170 209 0
170 296 0
170 357 0
170 262 0
170 247 0
170 387 0
170 337 0
170 232 0
170 333 0
170 285 0
170 216 0
170 291 0
171 280 0
171 364 0
171 205 0
171 379 0
171 270 0
171 234 0
171 204 0
171 362 0
171 377 0
171 398 0
171 288 0
171 302 0
171 388 0
171 240 0
171 358 0
171 371 0
171 316 0
171 375 0
171 218 0
171 292 0
171 211 0
171 249 0
171 268 0
171 336 0
171 387 0
171 306 0
171 223 0
171 274 0
171 385 0
171 251 0
171 372 0
171 346 0
171 392 0
171 347 0
171 266 0
171 297 0
171 319 0
171 269 0
171 300 0
171 357 0
171 330 0
171 378 0
171 397 0
171 307 0
171 304 0
171 337 0
171 327 0
171 286 0
171 303 0
171 310 0
171 329 0
171 355 0
171 228 0
171 340 0
171 294 0
171 393 0
171 276 0
171 255 0
171 222 0
171 389 0
171 237 0
171 230 0
171 242 0
171 259 0
171 368 0
171 376 0
171 349 0
171 344 0
171 291 0
171 247 0
171 201 0
171 227 0
171 363 0
171 369 0
171 333 0
171 215 0
171 308 0
171 262 0
171 351 0
171 320 0
171 245 0
171 395 1284
171 256 0
171 206 0
171 328 0
171 295 0
171 374 0
171 370 0
171 241 0
171 384 0
171 394 0
172 378 0
172 314 0
172 277 0
172 226 0
172 256 0
172 365 0
172 251 0
172 329 0
172 385 0
172 354 0
172 284 0
172 359 0
172 220 0
172 254 0
172 344 0
172 371 0
172 234 0
172 280 0
172 205 0
172 287 0
172 229 0
172 281 0
172 331 0
172 217 0
172 204 0
172 321 0
172 399 0
172 332 0
172 390 0
172 376 0
172 317 0
172 328 0
172 335 0
172 383 0
172 325 0
172 303 0
172 246 0
172 315 0
172 206 0
172 312 0
172 264 0
172 288 0
172 323 0
172 210 0
172 258 0
172 293 0
172 232 0
172 330 0
172 360 0
172 235 0
172 394 0
172 377 0
172 233 0
172 243 0
172 297 0
172 223 0
172 357 0
172 338 0
172 319 0
172 305 0
172 240 0
172 213 0
172 386 0
172 224 0
172 362 0
172 304 0
172 392 0
172 274 0
172 222 0
172 298 0
172 336 0
172 211 0
172 203 0
172 320 0
172 396 0
172 339 0
172 353 0
172 252 0
172 219 266
172 286 0
172 318 0
172 341 0
172 309 0
173 256 0
173 215 0
173 209 0
173 373 0
173 217 0
173 393 0
173 348 0
173 206 0
173 397 0
173 371 0
173 241 0
173 319 0
173 310 0
173 274 0
173 275 0
173 229 0
173 384 0
173 363 0
173 313 385
173 248 0
173 317 0
173 236 0
173 311 0
173 221 0
173 360 0
173 220 0
173 322 0
173 335 0
173 352 0
173 251 0
173 279 104
173 290 0
173 314 0
173 276 0
173 312 0
173 239 0
173 263 0
173 268 0
173 266 0
173 353 0
173 218 616
173 203 0
173 350 0
173 338 0
173 253 0
173 208 0
173 230 0
173 303 0
173 396 0
173 250 0
173 283 0
173 349 0
173 252 0
173 382 0
173 334 0
173 267 0
173 216 0
173 321 1266
173 212 0
173 329 0
173 327 0
173 227 0
173 245 0
173 332 0
173 224 0
173 383 0
173 376 0
173 277 0
173 273 0
173 265 0
173 301 0
173 367 0
173 372 0
173 342 0
173 377 0
173 346 0
173 285 0
173 323 0
173 282 0
173 296 0
173 269 0
173 381 0
173 289 0
173 288 0
174 342 0
174 260 0
174 397 0
174 204 0
174 340 0
174 295 0
174 282 0
174 323 0
174 258 0
174 395 0
174 215 0
174 216 0
174 243 0
174 365 0
174 383 0
174 227 0
174 279 0
174 285 0
174 246 0
174 244 0
174 355 0
174 235 0
174 312 1752
174 394 0
174 217 0
174 290 0
174 368 0
174 338 0
174 266 0
174 308 0
174 307 0
174 294 0
174 328 0
174 228 0
174 331 0
174 225 0
174 262 0
174 273 0
174 250 0
174 379 0
174 259 0
174 334 0
174 376 0
174 380 0
174 350 0
174 301 0
174 296 0
174 381 0
174 300 0
174 349 0
174 286 0
174 370 0
174 223 0
174 369 0
174 242 0
174 220 0
174 256 182
174 361 0
174 377 0
174 231 0
174 218 0
174 373 0
174 337 0
174 378 0
174 210 0
174 384 0
175 370 0
175 274 0
175 379 0
175 286 0
175 319 0
175 203 0
175 281 0
175 326 0
175 265 0
175 210 0
175 247 0
175 288 0
175 338 0
175 329 0
175 312 0
175 215 0
175 341 0
175 278 0
175 353 0
175 217 0
175 251 0
175 318 0
175 334 0
175 293 0
175 388 0
175 386 0
175 387 0
175 270 0
175 360 0
175 361 0
175 390 0
175 333 0
175 331 0
175 301 0
175 372 0
175 254 0
175 280 0
175 229 0
175 206 0
175 275 0
175 239 0
175 271 0
175 343 0
175 308 0
175 212 0
175 234 0
175 336 0
175 328 0
175 321 0
175 258 0
175 375 0
175 243 0
175 211 0
175 289 0
175 216 0
175 311 0
175 354 0
175 267 0
175 268 0
175 241 0
175 309 0
175 225 0
175 249 0
175 218 0
175 282 864
175 352 0
175 325 0
175 314 0
175 204 0
175 367 0
175 320 0
175 349 0
175 373 0
175 291 0
175 226 0
175 221 0
175 377 0
175 345 0
175 250 0
175 332 0
175 339 0
175 366 0
175 290 0
175 389 0
175 384 0
175 294 0
176 231 1735
176 254 0
176 306 0
176 317 0
176 298 0
176 312 0
176 315 0
176 204 0
176 314 0
176 376 0
176 326 0
176 307 0
176 215 0
176 253 0
176 395 0
176 216 0
176 394 0
176 234 0
176 359 0
176 249 0
176 208 0
176 269 0
176 218 0
176 367 0
176 277 0
176 205 0
176 338 0
176 226 0
176 268 0
176 278 0
176 337 0
176 236 0
176 227 0
176 257 630
176 342 0
176 383 0
176 329 0
176 202 0
176 335 0
176 201 0
176 361 0
176 382 0
176 384 0
176 321 0
176 265 0
176 396 0
176 372 0
176 393 0
176 388 0
176 255 0
176 256 0
176 303 0
176 386 0
176 373 0
176 379 0
176 392 0
176 351 0
176 399 0
176 222 0
176 270 0
176 248 0
176 380 0
176 371 0
176 374 0
176 340 0
176 397 0
176 387 0
176 323 0
176 267 0
176 332 0
176 291 0
176 220 0
176 279 0
176 310 0
176 246 0
176 300 0
176 297 0
176 271 0
176 305 0
176 260 0
176 328 0
176 325 0
176 272 0
176 250 0
176 364 0
176 327 0
176 309 0
177 335 0
177 327 0
177 300 0
177 369 0
177 205 0
177 381 0
177 321 0
177 380 0
177 206 0
177 378 0
177 292 0
177 384 0
177 385 0
177 235 0
177 295 0
177 210 0
177 312 0
177 214 0
177 314 0
177 219 725
177 346 0
177 353 0
177 345 0
177 396 0
177 281 0
177 260 0
177 212 0
177 237 0
177 317 0
177 276 0
177 319 0
177 286 0
177 308 0
177 238 0
177 392 0
177 226 0
177 322 0
177 236 0
177 307 0
177 224 0
177 291 0
177 229 0
177 282 0
177 350 0
177 273 0
177 389 0
177 262 0
177 217 0
177 371 0
177 283 0
177 351 0
177 247 0
177 360 0
177 364 0
177 299 0
178 325 0
178 266 0
178 225 0
178 268 0
178 318 0
178 203 0
178 267 0
178 305 0
178 243 0
178 300 0
178 240 0
178 277 0
178 278 402
178 290 0
178 211 0
178 230 0
178 349 0
178 351 0
178 265 0
178 246 0
178 270 0
178 385 0
178 229 0
178 289 0
178 286 0
178 251 0
178 322 0
178 362 0
178 205 0
178 375 0
178 328 0
178 370 0
178 380 0
178 359 0
178 259 0
178 301 0
178 381 0
178 274 0
178 357 599
178 261 0
178 238 0
178 352 0
178 356 0
178 258 0
178 341 0
178 392 0
178 393 0
178 264 0
178 227 0
178 353 0
178 234 0
178 338 0
178 340 0
178 343 0
178 207 0
178 337 0
178 283 0
178 233 0
178 245 0
178 308 0
178 376 0
178 247 0
178 279 0
178 398 0
178 220 0
178 310 0
178 329 0
178 281 0
178 354 0
178 394 652
178 236 0
178 231 0
178 321 0
178 334 0
178 223 0
179 334 0
179 282 0
179 258 0
179 238 0
179 357 0
179 292 0
179 331 0
179 317 0
179 330 0
179 217 0
179 224 0
179 289 0
179 248 0
179 359 0
179 395 0
179 375 0
179 311 0
179 355 0
179 366 0
179 364 0
179 242 0
179 381 0
179 210 0
179 333 0
179 246 0
179 371 0
179 257 0
179 260 0
179 369 0
179 259 0
179 378 0
179 386 0
179 283 0
179 316 0
179 299 0
179 306 0
179 229 0
179 352 0
179 247 0
179 277 0
179 392 0
179 272 0
179 252 0
179 384 749
179 209 0
179 293 0
179 264 0
179 385 0
179 261 0
179 370 0
179 326 0
179 303 0
179 397 0
179 287 0
179 223 0
179 348 0
179 275 0
179 285 0
179 332 0
179 329 0
179 349 0
179 284 0
179 347 0
179 214 0
179 313 0
179 232 0
179 344 0
179 243 0
179 342 0
179 269 0
179 255 0
179 211 0
180 201 0
180 387 0
180 268 0
180 270 0
180 308 0
180 372 0
180 379 1343
180 386 19
180 363 0
181 369 0
181 338 0
181 331 0
181 336 0
181 268 0
181 339 0
181 353 0
181 320 0
181 227 0
181 285 0
181 371 0
181 300 0
181 348 0
181 282 0
181 330 0
181 325 0
181 342 0
181 221 0
181 265 0
181 395 0
181 204 0
181 299 0
181 263 0
181 224 0
181 314 0
181 242 0
181 283 0
181 367 0
181 254 0
181 347 0
181 250 0
181 318 0
181 206 0
181 316 0
181 390 0
181 366 0
181 354 0
181 380 0
181 326 559
181 207 0
181 295 0
181 253 0
181 346 0
181 248 0
181 343 0
181 372 0
181 278 0
181 397 0
181 234 0
181 220 0
181 230 0
181 235 0
181 246 0
181 245 0
181 212 0
181 340 0
181 341 0
181 229 0
181 389 0
181 387 0
181 351 0
181 391 0
181 298 0
181 211 0
181 288 0
181 219 0
181 307 0
181 217 0
181 394 841
181 244 0
181 258 0
181 301 0
181 297 0
181 281 0
181 362 0
181 375 0
181 345 0
181 233 0
181 215 0
181 334 0
182 340 0
182 201 764
182 367 0
182 374 0
182 254 45
182 346 0
182 398 0
182 316 0
182 274 0
182 392 0
182 361 0
182 213 0
182 264 0
182 243 0
182 310 0
182 397 0
182 322 0
182 309 0
182 265 0
182 318 674
182 261 0
182 206 0
182 343 0
182 268 0
182 323 0
182 387 0
182 396 0
182 302 0
182 205 0
182 300 0
182 224 0
182 296 0
182 272 0
182 356 0
182 366 0
182 332 0
182 357 0
182 248 0
182 278 0
182 355 0
182 333 0
182 336 0
182 338 0
182 241 0
182 298 0
182 287 0
182 240 0
182 244 0
183 238 0
183 379 0
183 396 1110
183 251 0
183 329 0
183 220 0
183 367 0
183 243 0
183 361 0
183 378 0
183 267 144
183 206 0
183 214 0
183 297 0
183 285 303
183 365 0
183 300 0
183 355 0
183 342 0
183 360 0
183 262 0
183 348 0
183 249 0
183 253 0
183 366 0
183 392 0
183 204 142
183 368 0
183 393 0
183 272 0
183 280 0
183 362 0
183 291 0
183 313 0
183 309 0
183 318 0
183 236 0
183 239 0
183 207 0
183 288 0
183 371 0
183 287 0
183 354 0
183 331 0
183 394 0
183 293 150
183 222 0
183 273 1062
183 240 0
183 328 0
183 306 0
183 242 0
183 305 0
183 256 0
183 338 0
183 330 0
183 237 0
183 252 0
183 388 0
183 292 0
183 245 0
184 227 0
184 323 268
184 327 0
184 272 0
184 210 0
184 340 0
184 261 0
184 286 0
184 365 0
184 285 0
184 335 0
184 376 0
184 263 0
184 278 0
184 334 0
184 338 0
184 284 0
184 339 0
184 229 0
184 291 0
184 300 0
184 330 0
184 271 0
184 321 0
184 251 0
184 368 0
184 328 0
184 356 0
184 325 0
184 249 0
184 246 0
184 298 0
184 216 0
184 234 0
184 206 0
184 205 0
184 370 0
184 262 757
184 241 0
184 257 0
184 307 0
184 217 0
184 309 0
184 341 0
184 294 0
184 383 0
184 252 0
184 208 0
184 337 0
184 267 0
184 279 0
184 331 0
184 308 0
184 282 699
184 281 0
184 396 0
184 380 0
184 289 0
184 389 0
184 375 0
184 270 0
184 214 0
184 316 0
184 395 0
184 256 0
184 265 0
184 378 0
184 248 0
185 258 0
185 350 0
185 263 0
185 333 0
185 370 0
185 348 0
185 343 0
185 257 65
185 208 0
185 295 0
185 246 0
185 267 0
185 360 0
185 283 0
185 238 0
185 243 0
185 357 0
185 373 0
185 209 0
185 332 0
185 342 0
185 387 0
185 210 0
185 286 0
185 244 0
185 347 0
185 366 0
185 250 0
185 383 0
185 335 0
185 282 0
185 275 0
185 270 946
185 338 0
185 217 0
185 222 0
185 312 595
185 292 0
185 288 0
185 392 0
185 247 0
185 277 0
185 231 0
185 205 0
185 359 0
185 287 0
185 289 0
185 327 0
185 230 0
185 385 0
185 305 0
185 299 0
185 380 0
185 284 0
185 211 0
185 388 0
185 379 0
185 212 0
185 266 0
185 300 0
185 215 0
185 376 0
185 363 0
185 372 0
185 226 0
186 269 0
186 316 0
186 309 0
186 211 0
186 298 0
186 317 0
186 241 0
186 215 0
186 265 0
186 245 0
186 350 0
186 335 0
186 380 0
186 238 3
186 292 0
186 323 0
186 382 0
186 391 0
186 293 0
186 291 0
186 256 0
186 320 0
186 285 0
186 308 0
186 221 0
186 272 0
186 384 0
186 212 0
186 240 1436
186 387 0
186 268 0
186 234 0
186 354 0
186 396 0
186 219 0
186 347 0
186 266 0
186 312 0
186 283 0
186 304 0
186 230 0
187 203 0
187 336 0
187 207 0
187 265 15
187 290 0
188 284 0
188 221 0
188 205 0
188 318 0
188 263 20
188 232 0
188 338 1198
188 324 0
188 259 0
188 202 0
188 381 0
188 256 0
188 345 0
189 344 0
189 338 0
189 308 0
189 233 137
189 384 0
189 321 0
189 379 0
189 299 0
189 244 0
189 275 0
189 369 0
189 385 0
189 219 0
189 315 0
189 203 0
189 287 0
189 362 0
189 398 0
189 331 0
189 368 0
189 226 0
189 229 0
189 272 0
189 266 0
189 206 0
189 257 0
189 355 0
189 337 0
189 277 0
189 263 0
189 295 412
189 298 0
189 285 0
189 278 0
189 375 0
189 238 0
189 281 0
189 269 0
189 274 0
189 280 0
189 214 0
189 259 0
189 314 0
189 288 0
189 320 0
189 376 0
189 361 0
189 243 0
189 387 0
189 268 0
189 273 0
189 211 0
189 284 0
189 304 0
189 395 0
189 346 0
189 380 0
189 291 0
189 279 0
189 282 0
189 334 0
189 261 0
189 296 0
189 208 0
189 245 0
189 221 0
189 335 0
189 382 0
189 218 0
189 322 0
189 394 0
190 360 0
190 335 0
190 330 0
190 266 0
190 329 0
190 203 0
190 356 0
190 210 0
190 279 0
190 306 0
190 353 0
190 229 0
190 343 0
190 242 0
190 305 0
190 395 0
190 324 0
190 313 0
190 248 0
190 398 342
190 212 0
190 284 0
190 225 0
190 226 0
190 267 0
190 384 0
190 224 0
190 209 0
190 247 0
190 258 0
190 233 0
190 370 0
190 204 0
190 315 0
190 339 0
190 380 0
190 280 0
190 281 0
190 321 0
190 217 0
191 324 0
191 304 0
191 290 0
191 219 0
191 215 0
191 392 0
191 279 0
191 305 0
191 262 0
191 241 0
191 313 0
191 296 0
191 228 0
191 202 0
191 367 0
191 235 0
191 338 0
191 210 0
191 295 0
191 273 0
191 212 0
191 348 0
191 242 0
191 376 0
191 225 0
191 243 0
191 341 0
191 300 0
191 208 0
191 323 0
191 373 0
191 257 236
191 267 0
191 276 0
191 344 0
191 277 0
191 359 0
191 282 0
191 372 0
191 362 0
191 231 0
191 236 0
191 233 0
191 284 0
191 381 0
191 388 0
191 310 0
191 265 0
191 286 0
191 221 0
191 218 0
191 335 0
191 303 0
191 255 0
191 292 0
192 255 0
192 396 0
192 378 0
192 252 0
192 383 0
192 202 0
192 354 0
192 221 0
192 337 0
192 321 0
192 271 0
192 349 0
192 247 0
192 301 0
192 203 0
192 245 0
192 274 192
192 398 0
192 258 1247
192 302 0
192 338 0
192 355 0
192 297 0
192 209 0
192 250 0
192 324 0
192 390 0
192 317 0
192 208 0
192 326 0
192 231 0
192 323 0
192 259 0
192 388 0
192 374 0
192 380 0
192 211 0
192 263 0
192 356 0
192 227 0
192 228 0
192 282 0
192 344 0
192 249 0
192 313 0
193 268 0
193 380 0
193 313 0
193 328 0
193 286 0
193 317 0
193 340 0
193 210 11
193 301 0
193 399 0
193 229 0
193 366 0
193 335 0
193 233 0
193 285 0
193 379 0
193 311 0
193 248 0
193 351 0
193 269 598
194 274 0
194 340 745
194 365 0
194 235 0
194 222 0
195 232 0
195 276 0
195 228 0
195 356 0
195 235 0
195 247 0
195 368 0
195 364 0
195 327 0
195 264 0
195 333 0
195 374 0
195 263 0
195 259 0
195 206 0
195 268 0
195 217 0
195 234 0
195 397 0
195 233 0
195 240 0
195 381 0
195 344 0
195 346 0
195 204 0
195 318 0
195 348 0
195 379 0
195 236 0
195 380 0
195 225 0
195 334 526
195 294 0
195 372 0
195 282 0
195 249 0
195 207 846
195 202 0
195 316 0
195 273 0
195 226 0
195 275 0
195 260 0
195 289 0
195 317 0
195 216 0
195 219 0
195 373 0
195 255 0
195 218 0
195 321 0
195 399 0
195 272 0
195 336 0
195 251 0
195 361 0
196 231 0
196 286 0
196 329 0
196 352 0
196 288 0
196 256 0
196 213 0
196 318 0
196 366 0
196 209 0
196 232 0
196 300 0
196 332 0
196 234 0
196 349 0
196 216 0
196 322 0
196 301 0
196 307 0
196 211 0
196 260 0
196 353 0
196 311 1670
196 275 0
196 254 0
196 230 0
196 377 0
196 380 0
196 239 0
196 372 0
196 390 0
196 202 0
196 362 0
196 376 0
196 276 192
196 360 0
196 381 0
196 336 0
196 330 0
196 295 0
196 312 0
196 235 0
196 282 0
196 236 1065
196 398 0
196 395 0
196 323 0
196 344 0
196 304 0
196 212 13
196 229 0
196 293 0
196 267 0
196 225 0
196 272 0
196 292 0
196 394 0
196 204 0
196 247 0
196 277 0
197 320 0
197 264 0
197 345 0
197 202 0
197 373 0
197 338 395
197 250 0
197 386 0
197 221 0
197 361 0
197 280 0
197 343 0
197 289 0
197 241 0
197 272 0
197 308 248
197 353 0
197 321 0
197 379 0
197 346 0
197 247 0
197 397 198
197 275 0
197 342 0
197 372 0
197 325 0
197 290 0
197 233 0
198 247 791
198 343 0
198 387 0
198 360 0
198 329 0
198 382 0
198 375 0
198 342 0
198 273 0
198 267 0
198 352 0
198 215 0
198 245 0
198 290 0
198 239 0
198 270 0
198 378 155
198 272 0
198 280 0
198 259 0
198 350 0
198 394 0
199 295 0
199 240 0
199 321 502
199 213 0
199 278 0
199 390 0
199 345 0
199 323 0
199 329 0
199 252 0
199 238 0
199 395 0
199 373 0
199 261 0
199 375 0
200 389 0
200 387 649
200 208 0
200 209 0
200 210 0
200 212 0
200 220 0
200 223 0
200 228 0
200 239 0
200 242 0
200 243 84
200 263 0
200 271 0
200 281 0
200 296 0
200 315 0
200 322 0
200 328 0
200 329 0
200 333 0
200 348 0
200 349 0
200 351 0
200 352 0
200 354 0
200 358 0
200 359 0
200 361 0
200 363 0
200 366 0
200 381 30
200 386 0
200 393 0
200 312 0
200 269 0
200 231 154
200 254 0
200 306 0
200 265 0
200 266 0
200 216 0
200 229 0
200 316 0
1 401 0
2 401 0
3 401 0
4 401 0
5 401 0
6 401 0
7 401 0
8 401 0
9 401 0
10 401 0
11 401 0
12 401 0
13 401 0
14 401 0
15 401 0
16 401 0
17 401 0
18 401 0
19 401 0
20 401 0
21 401 0
22 401 0
23 401 0
24 401 0
25 401 0
26 401 0
27 401 0
28 401 0
29 401 0
30 401 0
31 401 0
32 401 0
33 401 0
34 401 0
35 401 0
36 401 0
37 401 0
38 401 0
39 401 0
40 401 0
41 401 0
42 401 0
43 401 0
44 401 0
45 401 0
46 401 0
47 401 0
48 401 0
49 401 0
50 401 0
51 401 0
52 401 0
53 401 0
54 401 0
55 401 0
56 401 0
57 401 0
58 401 0
59 401 0
60 401 0
61 401 0
62 401 0
63 401 0
64 401 0
65 401 0
66 401 0
67 401 0
68 401 0
69 401 0
70 401 0
71 401 0
72 401 0
73 401 0
74 401 0
75 401 0
76 401 0
77 401 0
78 401 0
79 401 0
80 401 0
81 401 0
82 401 0
83 401 0
84 401 0
85 401 0
86 401 0
87 401 0
88 401 0
89 401 0
90 401 0
91 401 0
92 401 0
93 401 0
94 401 0
95 401 0
96 401 0
97 401 0
98 401 0
99 401 0
100 401 0
101 401 0
102 401 0
103 401 0
104 401 0
105 401 0
106 401 0
107 401 0
108 401 0
109 401 0
110 401 0
111 401 0
112 401 0
113 401 0
114 401 0
115 401 0
116 401 0
117 401 0
118 401 0
119 401 0
120 401 0
121 401 0
122 401 0
123 401 0
124 401 0
125 401 0
126 401 0
127 401 0
128 401 0
129 401 0
130 401 0
131 401 0
132 401 0
133 401 0
134 401 0
135 401 0
136 401 0
137 401 0
138 401 0
139 401 0
140 401 0
141 401 0
142 401 0
143 401 0
144 401 0
145 401 0
146 401 0
147 401 0
148 401 0
149 401 0
150 401 0
151 401 0
152 401 0
153 401 0
154 401 0
155 401 0
156 401 0
157 401 0
158 401 0
159 401 0
160 401 0
161 401 0
162 401 0
163 401 0
164 401 0
165 401 0
166 401 0
167 401 0
168 401 0
169 401 0
170 401 0
171 401 0
172 401 0
173 401 0
174 401 0
175 401 0
176 401 0
177 401 0
178 401 0
179 401 0
180 401 0
181 401 0
182 401 0
183 401 0
184 401 0
185 401 0
186 401 0
187 401 0
188 401 0
189 401 0
190 401 0
191 401 0
192 401 0
193 401 0
194 401 0
195 401 0
196 401 0
197 401 0
198 401 0
199 401 0
200 401 0
401 201 0
401 202 0
401 203 0
401 204 0
401 205 0
401 206 0
401 207 0
401 208 0
401 209 0
401 210 0
401 211 0
401 212 0
401 213 0
401 214 0
401 215 0
401 216 0
401 217 0
401 218 0
401 219 0
401 220 0
401 221 0
401 222 0
401 223 0
401 224 0
401 225 0
401 226 0
401 227 0
401 228 0
401 229 0
401 230 0
401 231 0
401 232 0
401 233 0
401 234 0
401 235 0
401 236 0
401 237 0
401 238 0
401 239 0
401 240 0
401 241 0
401 242 0
401 243 0
401 244 0
401 245 0
401 246 0
401 247 0
401 248 0
401 249 0
401 250 0
401 251 0
401 252 0
401 253 0
401 254 0
401 255 0
401 256 0
401 257 0
401 258 0
401 259 0
401 260 0
401 261 0
401 262 0
401 263 0
401 264 0
401 265 0
401 266 0
401 267 0
401 268 0
401 269 0
401 270 0
401 271 0
401 272 0
401 273 0
401 274 0
401 275 0
401 276 0
401 277 0
401 278 0
401 279 0
401 280 0
401 281 0
401 282 0
401 283 0
401 284 0
401 285 0
401 286 0
401 287 0
401 288 0
401 289 0
401 290 0
401 291 0
401 292 0
401 293 0
401 294 0
401 295 0
401 296 0
401 297 0
401 298 0
401 299 0
401 300 0
401 301 0
401 302 0
401 303 0
401 304 0
401 305 0
401 306 0
401 307 0
401 308 0
401 309 0
401 310 0
401 311 0
401 312 0
401 313 0
401 314 0
401 315 0
401 316 0
401 317 0
401 318 0
401 319 0
401 320 0
401 321 0
401 322 0
401 323 0
401 324 0
401 325 0
401 326 0
401 327 0
401 328 0
401 329 0
401 330 0
401 331 0
401 332 0
401 333 0
401 334 0
401 335 0
401 336 0
401 337 0
401 338 0
401 339 0
401 340 0
401 341 0
401 342 0
401 343 0
401 344 0
401 345 0
401 346 0
401 347 0
401 348 0
401 349 0
401 350 0
401 351 0
401 352 0
401 353 0
401 354 0
401 355 0
401 356 0
401 357 0
401 358 0
401 359 0
401 360 0
401 361 0
401 362 0
401 363 0
401 364 0
401 365 0
401 366 0
401 367 0
401 368 0
401 369 0
401 370 0
401 371 0
401 372 0
401 373 0
401 374 0
401 375 0
401 376 0
401 377 0
401 378 0
401 379 0
401 380 0
401 381 0
401 382 0
401 383 0
401 384 0
401 385 0
401 386 0
401 387 0
401 388 0
401 389 0
401 390 0
401 391 0
401 392 0
401 393 0
401 394 0
401 395 0
401 396 0
401 397 0
401 398 0
401 399 0
401 400 0
